0	0	0.38116	0.375844	0.454757	0.398872	0.400637	0.324697	0.511604	0.36339	0.594854	0.437443	0.492981	0.383568	0.304182	0.752925	0.581368	0.506804	0.621706	0.639142	0.960845	0.688128	0.348974	0.687048	0.580017	0.81023	0.477002	
0	1	0.401	0.432262	0.45435	0.349011	0.244606	0.488101	0.62123	0.329588	0.590003	0.41507	0.703952	0.75453	0.301875	0.438933	0.60099	0.637419	0.940565	0.631348	0.700466	0.62865	0.58602	0.880336	0.546979	0.627651	0.349055	
0	2	0.605283	0.548921	0.590335	0.34731	0.783955	0.628635	0.499745	0.396123	0.293977	0.434213	0.843629	0.674788	0.468454	0.220851	0.669096	0.95178	0.782129	0.696438	0.409268	0.361086	0.753192	0.987834	0.823445	0.470703	0.490935	
0	3	0.47319	0.77192	0.56386	0.357081	0.267064	0.559645	0.902141	0.759819	0.484569	0.264194	0.716495	1	0.815141	0.673398	0.340217	0.634275	0.761235	0.99695	0.854723	0.474467	0.662833	0.871476	0.655283	0.492932	0.547488	
0	4	0.341856	0.351457	0.510313	0.42158	0.693821	0.261826	0.327851	0.419309	0.551622	0.450966	0.294356	0.351914	0.387427	0.716037	0.633556	0.117327	0.344935	0.583512	0.972333	0.89587	0.244454	0.353168	0.703768	0.754904	0.588278	
0	5	0.425447	0.509141	0.449589	0.872255	0.611846	0.329911	0.479937	0.545109	0.771325	0.589902	0.339746	0.358556	0.677489	0.765557	0.648098	0.361305	0.536919	0.925265	0.944085	0.737573	0.352511	0.545613	0.873521	0.900133	0.56018	
0	6	0.155339	0.34783	0.368649	0.463722	0.501605	0.157358	0.397751	0.394572	0.495914	0.552049	0.189386	0.383545	0.250293	0.773034	0.738133	0.185827	0.344332	0.455771	0.916069	0.887142	0.266112	0.356527	0.391045	0.715979	0.826158	
0	7	0.341825	0.42342	0.537904	0.550985	0.651348	0.421502	0.492611	0.348623	0.60111	0.591615	0.54941	0.410765	0.304763	0.714175	0.764037	0.430494	0.569376	0.577843	0.923068	0.854022	0.543867	0.540745	0.435548	0.708774	0.530322	
0	8	0.621551	0.499056	0.575213	0.516166	0.332633	0.528492	0.603892	0.53501	0.371203	0.595081	0.800108	0.732213	0.518849	0.268413	0.732792	0.711186	0.85579	0.810222	0.575272	0.560253	0.565324	0.736941	0.835601	0.672713	0.783309	
0	9	0.724048	0.864296	0.47038	0.417236	0.545397	0.606433	0.677811	0.510832	0.256869	0.261865	0.828615	0.951069	0.614203	0.331013	0.480956	0.622596	0.961739	0.894539	0.492197	0.358112	0.64195	0.741873	0.505189	0.691481	0.392373	
0	10	0.984362	0.868519	0.552801	0.476767	0.258877	0.774458	0.517479	0.590535	0.226826	0.359352	0.913299	0.929364	0.660398	0.45969	0.349269	0.829884	0.957253	0.879094	0.530836	0.584855	0.740813	0.717788	0.766752	0.671993	0.588147	
0	11	0.548382	0.491823	0.620035	0.572243	0.309978	0.387884	0.426927	0.678893	0.702642	0.536964	0.447692	0.947697	0.498349	0.413272	0.561379	0.636836	0.729683	0.713802	0.491954	0.822407	0.527865	0.639718	0.733798	0.723619	0.907333	
0	12	0.317246	0.497625	0.429292	0.468138	0.581688	0.30429	0.470807	0.406236	0.558813	0.69235	0.339238	0.910117	0.379614	0.578075	0.975261	0.251088	0.545507	0.526755	0.659961	0.764612	0.595813	0.528551	0.589532	0.628397	0.672954	
0	13	0.350214	0.484807	0.460191	0.50965	0.751541	0.466539	0.3779	0.531571	0.426224	0.490215	0.603304	0.314389	0.59533	0.824788	0.510938	0.231053	0.483357	0.751273	0.845736	0.762309	0.420948	0.470607	0.594392	0.613244	0.351605	
0	14	0.470491	0.470972	0.496549	0.536511	0.370133	0.701608	0.599993	0.304376	0.386592	0.522645	0.755404	0.6384	0.336057	0.504864	0.652992	0.731115	0.614048	0.680504	0.678259	0.819123	0.821884	0.609492	0.470791	0.533109	0.574614	
0	15	0.134939	0.209483	0.507807	0.744144	0.855164	0.143765	0.362163	0.399248	0.501681	0.601233	0.166017	0.523251	0.444288	0.739284	0.614956	0.0734737	0.420224	0.591892	0.841641	0.827917	0.187665	0.367357	0.494285	0.736346	0.900377	
0	16	0.270871	0.220921	0.504612	0.56734	0.843743	0.347912	0.338085	0.441783	0.542244	0.819014	0.38873	0.429285	0.652018	0.903857	0.949583	0.248644	0.332024	0.631971	1	0.855408	0.458505	0.594946	0.579326	0.8138	0.753122	
0	17	0.568338	0.629239	0.627882	0.645186	0.391767	0.671579	0.612677	0.485556	0.439396	0.298692	0.592159	0.959086	0.921233	0.606634	0.427882	0.768959	0.982796	0.782465	0.607882	0.371065	0.802403	0.888289	0.866883	0.465051	0.683548	
0	18	0.531557	0.523177	0.787184	0.621834	0.504288	0.701209	0.58665	0.57687	0.595013	0.555938	0.738524	0.881105	0.739383	0.890681	0.81237	0.57929	0.681351	0.730891	0.804454	0.866164	0.779379	0.621828	0.612881	0.55874	0.404333	
0	19	0.154548	0.353038	0.630652	0.663422	0.616262	0.306412	0.402218	0.49247	0.603571	0.670569	0.351522	0.519472	0.625954	0.954518	0.985109	0.2383	0.40099	0.483446	0.907756	0.985996	0.35005	0.388684	0.476822	0.6166	0.590761	
0	20	0.342265	0.617146	0.688558	0.673521	0.949904	0.401423	0.596495	0.648653	0.762807	0.987915	0.35526	0.845528	1	1	0.965999	0.391794	0.71931	0.921755	1	0.957489	0.492537	0.465935	0.746549	0.896497	0.703686	
0	21	0.183496	0.449863	0.639255	0.628746	0.951139	0.289805	0.544876	0.577799	0.692246	0.965447	0.112842	0.548821	0.882704	1	0.955258	0.175238	0.522703	0.77104	0.993252	0.973804	0.615983	0.572651	0.729268	0.871875	0.736115	
0	22	0.152814	0.62812	0.94392	0.850299	1	0.168281	0.391842	0.597847	0.584268	0.864682	0.161723	0.499405	0.866326	0.790997	0.89817	0.197506	0.298794	0.613145	1	0.991954	0.168368	0.202211	0.633407	0.842431	0.893134	
0	23	0.20746	0.754722	0.916488	0.781655	0.989134	0.299439	0.570465	0.680993	0.586186	0.80234	0.435577	0.632945	0.820144	0.828183	0.901167	0.22802	0.571899	0.745264	1	0.88352	0.529465	0.485736	0.622002	0.791576	0.864588	
0	24	0.399318	0.661063	0.930266	0.703805	0.5798	0.578776	0.810712	0.734922	0.653212	0.446848	0.785653	0.917809	0.816528	0.83577	0.868556	0.757614	0.784359	0.65963	0.85772	0.954017	0.402786	0.529746	0.584717	0.645157	0.634638	
0	25	0.479341	0.63078	0.895486	0.723897	0.356842	0.466044	0.635906	0.706292	0.666817	0.372666	0.864318	0.899783	0.780986	0.790906	0.701311	0.675707	0.72027	0.582523	0.828804	0.423968	0.613972	0.618586	0.542647	0.557777	0.50789	
0	26	0.823181	0.607717	0.851356	0.815235	0.536362	0.89597	0.749621	0.911624	0.813745	0.680465	0.999862	1	0.88182	0.958257	0.846901	1	0.992531	0.813688	0.687972	0.584569	0.998453	0.879194	0.630172	0.485833	0.70543	
0	27	0.980301	0.764724	0.508619	0.788213	0.433786	1	0.792531	0.802007	0.953978	0.540149	1	1	0.890546	0.955013	0.538869	1	1	0.875461	0.666983	0.279942	1	0.979457	0.686247	0.502664	0.538911	
0	28	0.447767	0.945192	1	0.989438	0.898927	0.240164	0.486032	0.457825	0.73376	1	0.42265	0.569552	0.498043	0.577942	0.932588	0.251155	0.476956	0.626821	0.963362	0.859776	0.184179	0.371314	0.578234	0.818654	0.680479	
0	29	0.559509	0.684605	0.699604	0.716737	0.944984	0.894189	0.751913	0.785183	0.651756	0.864881	0.692393	0.922234	0.898909	1	0.971728	0.661161	0.650124	0.841145	1	0.870443	0.842612	0.608851	0.641545	0.762884	0.97474	
0	30	0.61061	0.655157	0.837175	0.602748	0.471821	0.783948	0.748844	0.789431	0.492865	0.53372	0.859054	0.871876	0.942258	0.865565	0.951437	0.472589	0.667002	0.717928	0.979068	0.848508	0.525692	0.493016	0.528696	0.612378	0.707314	
0	31	0.785152	0.597132	0.780921	0.883833	0.539416	0.605574	0.625878	0.688366	0.474067	0.351382	1	0.985485	0.953557	0.690367	0.785797	0.97399	0.790765	0.771624	0.753066	0.556346	0.843178	0.777487	0.652024	0.517328	0.660808	
0	32	0.446926	0.979745	1	0.966554	0.490554	0.456746	0.888003	0.673103	0.774756	0.265521	0.48921	0.763362	0.781752	0.728093	0.391081	0.541969	0.859545	0.740216	0.567037	0.522578	0.398326	0.701888	0.497833	0.64865	0.915338	
0	33	0.604417	0.437815	0.543611	0.555705	0.840326	0.601359	0.428409	0.599014	0.56749	0.813735	0.624331	0.496106	0.714015	1	1	0.650355	0.410766	0.664257	0.818217	1	0.647818	0.426646	0.607132	0.916604	0.918673	
0	34	0.358172	0.740762	0.758404	0.68113	0.603048	0.463721	0.688536	0.764149	0.691997	0.729386	0.707872	0.623663	0.938555	0.976143	0.873652	0.628347	0.60754	0.706238	1	0.85918	0.526864	0.456082	0.622665	0.781591	0.813687	
0	35	0.664416	0.762735	0.952076	0.559759	0.561192	0.743404	0.865861	0.667475	0.76664	0.637341	0.983099	0.922429	0.733312	0.970745	0.768352	0.885502	0.813972	0.787258	0.767107	0.721965	0.676158	0.694309	0.516181	0.83001	0.709034	
0	36	0.947882	0.630195	0.661896	0.517039	0.285534	0.888913	0.743594	0.768782	0.654519	0.380595	1	1	0.989129	0.64941	0.673841	1	1	0.742954	0.623658	0.59094	0.996616	0.876069	0.621781	0.4332	0.641266	
0	37	0.958963	0.574106	0.652038	0.38176	0.25464	0.849644	0.630917	0.582996	0.357586	0.267421	1	1	0.773439	0.51625	0.372918	1	1	0.643695	0.407026	0.214233	1	0.853002	0.522187	0.297472	0.160786	
0	38	0.503091	0.444828	0.707929	0.6358	0.675029	0.574227	0.67608	0.66893	0.712556	0.856506	0.344319	0.761915	0.772432	0.99816	1	0.332143	0.593359	0.683382	0.883847	1	0.418505	0.367605	0.538413	0.814957	0.973309	
0	39	0.585246	0.749487	0.983444	0.673987	0.70594	0.652567	0.841492	0.723761	0.694141	0.583474	0.838411	1	0.767946	0.947492	0.977716	0.704142	0.929043	0.808178	0.782726	0.85158	0.525867	0.837343	0.542511	0.693545	0.844463	
0	40	0.764886	0.722038	0.875839	0.541917	0.318954	0.873144	0.861863	0.756197	0.566621	0.440425	1	0.990774	0.729109	0.669082	0.746023	1	0.887202	0.730051	0.630603	0.591237	1	0.768874	0.548742	0.437002	0.59668	
0	41	0.652683	0.443925	0.581329	0.378232	0.31381	0.983245	1	0.740363	0.518869	0.597416	0.928986	1	0.77539	0.552652	0.748137	0.827736	1	0.96236	0.685579	0.749234	0.937171	1	0.833224	0.619652	0.494394	
0	42	0.519876	0.630138	0.910947	0.787324	0.468654	0.507399	0.293052	0.457986	0.606317	0.441485	0.659762	0.832776	0.665468	0.841474	0.701735	0.584708	0.970084	0.715536	0.694775	0.699082	0.57854	0.740457	0.853531	0.792769	0.586573	
0	43	0.115774	0.478671	0.74771	0.571366	0.729941	0.224894	0.282875	0.495443	0.539482	0.495109	0.190919	0.3082	0.542133	0.50794	0.843556	0.0970816	0.527336	0.824265	0.803565	1	0.102753	0.483692	0.688205	0.808053	0.968648	
0	44	0.422604	0.629804	0.824117	0.542243	0.490128	0.276083	0.421998	0.408591	0.480918	0.396146	0.392066	0.492306	0.414238	0.59637	0.416799	0.557356	0.679036	0.599788	0.770906	0.706341	0.597658	0.723993	0.675222	0.817316	0.722702	
0	45	0.352755	0.670843	0.942576	0.898277	0.665991	0.42609	0.547794	0.266922	0.631815	0.606087	0.582476	0.717271	0.459083	0.677971	0.920204	0.663346	0.669926	0.779181	0.786228	0.924069	0.622228	0.804168	0.704785	0.806127	0.969917	
1	46	0.891217	0.799864	1	0.995724	0.960955	0.931221	0.962278	0.802654	0.92541	0.912829	0.87755	0.998085	0.808366	0.981387	1	0.96098	1	1	1	1	1	1	1	1	1	
1	47	0.954934	0.89527	1	0.991832	0.978883	0.984885	0.965613	0.803746	0.901878	0.920655	0.898532	0.98972	0.97295	1	1	1	1	1	1	1	1	1	1	1	1	
1	48	0.970295	0.914929	1	1	1	1	0.981779	0.952624	1	1	0.956393	1	1	1	1	1	1	1	1	1	1	1	1	1	1	
1	49	1	1	1	1	0.97604	1	1	0.992626	1	0.933725	0.972201	1	0.930829	1	1	1	1	1	1	1	1	1	1	1	1	
1	50	1	1	1	1	0.972801	1	1	0.856836	0.915224	0.897995	1	1	0.804168	0.976821	1	1	1	1	1	1	1	1	1	1	1	
1	51	1	1	1	0.868109	0.823553	1	1	0.931011	0.990972	0.774844	0.965795	1	0.731635	0.919238	0.982835	1	1	1	0.992376	1	1	1	1	1	1	
1	52	0.672336	0.840681	1	1	1	0.575865	0.842366	0.804072	0.827924	0.778949	0.587215	0.973136	0.593897	0.966887	1	0.990946	0.971645	0.869918	0.901654	1	1	0.949575	0.923461	1	0.89519	
1	53	0.8386	0.993912	1	1	1	0.916842	0.95875	0.940276	0.949278	1	1	0.914018	0.611251	1	1	1	0.999283	0.977877	0.947675	1	0.978405	0.997887	0.904511	1	1	
1	55	0.725434	0.969681	0.988277	1	0.939238	0.888206	0.914888	0.902024	1	0.992203	0.992674	0.988826	0.696079	0.798912	1	0.99251	1	0.905103	0.914232	0.909064	0.920869	1	0.841891	0.895098	0.997016	
2	56	0.455489	0.305192	0.296933	0.534461	0.475102	0.37113	0.477297	0.385113	0.559948	0.479673	0.332547	0.235508	0.267856	0.553298	0.508122	0.573364	0.263344	0.365361	0.392713	0.402347	0.339631	0.226408	0.276752	0.337875	0.380679	
2	57	0.716494	0.600083	0.479774	0.736749	0.553115	0.575722	0.562139	0.423186	0.675209	0.722551	0.50178	0.412976	0.295322	0.701064	0.573744	0.586603	0.316743	0.443996	0.421539	0.437663	0.359824	0.377176	0.426675	0.544463	0.453215	
2	58	0.7677	0.694021	0.473129	0.526632	0.425562	0.646325	0.6217	0.326938	0.403782	0.437219	0.643179	0.518249	0.337685	0.517852	0.299827	0.571966	0.449762	0.486748	0.340078	0.215748	0.584685	0.407253	0.363346	0.354771	0.333325	
2	59	0.633595	0.621475	0.702146	0.838147	0.954363	0.50225	0.389445	0.557389	0.476264	0.703131	0.446745	0.68758	0.865097	0.658922	0.536274	0.400324	0.452541	0.454084	0.558776	0.684821	0.477808	0.423772	0.431229	0.41298	0.375091	
2	60	0.521226	0.535352	0.661447	0.774711	0.688328	0.366407	0.433551	0.514105	0.440614	0.541599	0.445713	0.330165	0.466654	0.586387	0.361424	0.32257	0.43238	0.370763	0.547997	0.437721	0.278424	0.324615	0.326238	0.558272	0.419048	
2	61	0.630171	0.495337	0.538867	0.529707	0.499971	0.483978	0.558606	0.438504	0.504686	0.445346	0.524294	0.728289	0.519668	0.525016	0.628283	0.475195	0.426196	0.35433	0.4489	0.679721	0.369372	0.471029	0.423105	0.595019	0.646608	
2	62	0.423354	0.424529	0.181492	0.356618	0.179033	0.22619	0.291228	0.363397	0.239615	0.193178	0.37787	0.321837	0.665836	0.237918	0.304571	0.429012	0.294946	0.358577	0.346062	0.505703	0.546417	0.322879	0.339158	0.331635	0.394832	
2	63	0.298988	0.29596	0.478426	0.616533	0.518561	0.428027	0.407406	0.377909	0.358706	0.513459	0.450203	0.531342	0.52265	0.411923	0.589064	0.551851	0.427837	0.362738	0.537629	0.528087	0.586928	0.430758	0.308342	0.376559	0.3275	
2	64	0.455088	0.495197	0.397452	0.39237	0.236222	0.460071	0.48644	0.501237	0.26818	0.328419	0.625673	0.476044	0.502806	0.27271	0.399652	0.563466	0.390047	0.465986	0.445977	0.534834	0.562527	0.488144	0.356097	0.386003	0.389252	
2	65	0.342017	0.266775	0.178067	0.265433	0.257584	0.279345	0.19445	0.243305	0.337113	0.163562	0.456481	0.234494	0.197295	0.227825	0.163543	0.618512	0.183749	0.269588	0.380656	0.484208	0.40131	0.319211	0.300336	0.292239	0.499843	
2	66	0.515387	0.372744	0.304859	0.585947	0.560853	0.442487	0.351908	0.466782	0.406384	0.349064	0.537244	0.435668	0.367365	0.300877	0.363814	0.610913	0.304872	0.452214	0.45544	0.471181	0.408527	0.288524	0.352295	0.338427	0.359392	
2	67	0.475782	0.490658	0.351307	0.406649	0.237459	0.546582	0.331956	0.455761	0.342331	0.319334	0.372475	0.365977	0.197103	0.408625	0.336085	0.408599	0.408518	0.476518	0.446664	0.586881	0.387447	0.449946	0.413572	0.345165	0.459289	
2	68	0.642582	0.363932	0.417144	0.601195	0.47079	0.764947	0.553601	0.455602	0.497597	0.429735	0.395595	0.335725	0.342041	0.576235	0.642804	0.329452	0.468791	0.451437	0.447806	0.495481	0.609212	0.367042	0.382571	0.381018	0.407182	
2	69	0.34996	0.221455	0.295949	0.507374	0.640179	0.845914	0.840837	0.626461	0.877727	0.858163	0.60263	0.609484	0.393198	0.643623	0.659653	0.504403	0.446291	0.505675	0.451876	0.552238	0.601105	0.440081	0.387794	0.374053	0.532738	
2	70	0.482696	0.438712	0.518869	0.410053	0.326401	0.995197	0.959082	0.759058	0.747407	0.478665	0.710524	0.569103	0.317373	0.517672	0.381938	0.473239	0.569652	0.521691	0.377447	0.488428	0.640277	0.437321	0.38573	0.478051	0.533691	
2	71	0.892295	0.806983	0.974348	1	1	0.59075	0.629018	0.522949	1	0.775758	0.557009	0.707142	1	0.950385	0.912347	0.561203	0.740488	0.551667	0.596666	0.671136	0.655226	0.564751	0.447036	0.555377	0.721739	
2	72	0.832147	0.87416	0.521693	0.71409	0.677132	0.513589	0.474959	0.21871	0.405207	0.46104	0.695395	0.684326	0.333048	0.543147	0.543493	0.601083	0.577069	0.427233	0.292363	0.357215	0.699125	0.493143	0.428788	0.415663	0.337881	
2	73	0.791453	0.766813	0.545486	0.924332	0.856084	0.549197	0.418048	0.327753	0.449371	0.44997	0.519504	0.459859	0.258342	0.506274	0.717616	0.708645	0.455591	0.502507	0.392797	0.538356	0.700748	0.603903	0.421912	0.441611	0.541679	
2	74	0.608317	0.911836	1	1	0.819281	0.502943	0.621733	0.966251	0.846633	0.831002	0.630484	0.576981	0.755871	0.664421	0.786274	0.495742	0.520185	0.411898	0.956623	0.789072	0.433673	0.57813	0.624621	0.545278	0.609382	
2	76	0.812109	0.61088	0.577572	0.577647	0.565964	0.599555	0.455283	0.459603	0.419364	0.44068	0.770932	0.722745	0.494487	0.666351	0.484708	0.466851	0.569459	0.459836	0.788645	0.81833	0.463243	0.597518	0.648217	0.589648	0.606925	
2	79	0.354377	0.276382	0.41564	0.425687	0.355714	0.282023	0.417098	0.338044	0.338017	0.318161	0.467374	0.393114	0.307498	0.242627	0.345306	0.621546	0.273931	0.359041	0.285692	0.426715	0.406524	0.272785	0.270594	0.265961	0.388891	
2	80	0.601904	0.692432	0.345881	0.664971	0.458065	0.475323	0.36964	0.253446	0.405281	0.400162	0.332533	0.222736	0.179774	0.434893	0.346903	0.300496	0.309364	0.25018	0.177746	0.550908	0.581384	0.417217	0.351946	0.471997	0.53694	
2	81	0.424542	0.462721	0.271021	0.592089	0.43517	0.476002	0.670424	0.327037	0.578451	0.561687	0.36042	0.379733	0.267914	0.355244	0.534252	0.529175	0.522397	0.388809	0.247832	0.409966	0.734832	0.4605	0.31278	0.348778	0.385048	
2	82	0.0759966	0.0909455	0.0834163	0.0893388	0.0801562	0.101371	0.0816842	0.0745893	0.0941944	0.0923291	0.0922916	0.0762477	0.084567	0.0802235	0.0645278	0.129836	0.0888729	0.0865964	0.0820488	0.0522695	0.115755	0.0974079	0.102615	0.0911803	0.096017	
2	83	0.147859	0.173072	0.158555	0.191755	0.160317	0.138096	0.232603	0.12077	0.180047	0.110756	0.181654	0.287208	0.182805	0.144232	0.186567	0.205725	0.401732	0.146437	0.161903	0.185643	0.164008	0.309588	0.24098	0.171338	0.261368	
2	84	0.23306	0.129884	0.136958	0.155673	0.188577	0.253213	0.189237	0.141973	0.180576	0.180366	0.267303	0.266341	0.118278	0.197996	0.273169	0.352091	0.277488	0.167475	0.289386	0.397668	0.304707	0.425052	0.179569	0.268073	0.338092	
2	85	0.282337	0.353956	0.359716	0.466471	0.281149	0.275167	0.485541	0.609082	0.657102	0.562068	0.464478	0.56522	0.776533	1	0.787986	0.358411	0.453898	0.483289	0.589098	0.627841	0.426933	0.266562	0.363938	0.438344	0.529616	
2	86	0.218035	0.366456	0.246038	0.198176	0.364968	0.20607	0.284504	0.229107	0.3438	0.403813	0.39159	0.4565	0.166936	0.480046	0.484075	0.406495	0.421727	0.223926	0.314955	0.501858	0.528518	0.34424	0.346268	0.508486	0.611528	
2	87	0.168561	0.251199	0.261516	0.233601	0.237757	0.164604	0.171406	0.209304	0.287264	0.349574	0.304028	0.358758	0.209168	0.31219	0.508796	0.391335	0.394322	0.175355	0.241675	0.426712	0.40795	0.240744	0.315291	0.276748	0.31005	
2	88	0.131177	0.259457	0.346767	0.230741	0.173673	0.139402	0.392649	0.308491	0.337039	0.158747	0.22749	0.228565	0.275985	0.273801	0.198558	0.169721	0.250711	0.171622	0.242312	0.293093	0.453724	0.260198	0.256008	0.254963	0.22713	
2	89	0.254561	0.183084	0.133054	0.214895	0.13555	0.111356	0.218256	0.120378	0.189983	0.123349	0.144966	0.154339	0.117863	0.171935	0.160414	0.23789	0.241077	0.198817	0.275368	0.281243	0.353697	0.280618	0.277878	0.271114	0.296498	
2	90	0.0922247	0.249669	0.131223	0.184165	0.177112	0.130908	0.234333	0.129638	0.201587	0.201839	0.103982	0.115543	0.0806344	0.165858	0.221479	0.179762	0.155483	0.190885	0.209828	0.306326	0.22067	0.226732	0.210824	0.179667	0.235098	
2	91	0.0932003	0.185464	0.187523	0.191118	0.274241	0.0951086	0.106227	0.30676	0.360832	0.271197	0.0693597	0.170804	0.200108	0.256458	0.308696	0.103733	0.0997574	0.192237	0.300663	0.257378	0.0834221	0.16364	0.215245	0.267812	0.184004	
2	92	0.170324	0.107883	0.162542	0.132698	0.153587	0.146649	0.158395	0.168915	0.178564	0.11798	0.198191	0.188671	0.223824	0.260281	0.303449	0.192795	0.165447	0.209681	0.258209	0.431686	0.141631	0.239467	0.300267	0.279285	0.300025	
2	93	0.0930166	0.0702747	0.183726	0.105733	0.216418	0.114967	0.136015	0.133745	0.282095	0.505401	0.0900616	0.107695	0.158631	0.188555	0.596211	0.14139	0.172256	0.1754	0.263439	0.264004	0.133497	0.177527	0.246342	0.262846	0.174615	
2	94	0.14216	0.165817	0.154099	0.208298	0.129483	0.151676	0.120146	0.231183	0.167163	0.110179	0.119381	0.143922	0.131885	0.229654	0.150666	0.189149	0.196476	0.24609	0.183202	0.373539	0.135832	0.22311	0.197905	0.34551	0.341647	
2	95	0.421341	0.756932	0.761455	0.866096	0.416522	0.478684	0.698077	0.494946	0.758887	0.564345	0.471569	0.72655	0.637812	0.636522	0.981164	0.363183	0.658437	0.652016	0.709775	0.606051	0.429261	0.314464	0.43816	0.367651	0.358177	
2	96	0.335166	0.519036	0.216148	0.499366	0.279707	0.340197	0.469951	0.157226	0.3476	0.563616	0.391989	0.357462	0.22046	0.299988	0.499225	0.327468	0.510212	0.290445	0.383637	0.737376	0.424942	0.705425	0.630663	0.662759	0.586817	
2	97	0.366447	0.574102	0.278218	0.796287	0.597162	0.538306	0.292934	0.332163	0.535348	0.741792	0.594639	0.403751	0.186301	0.463216	0.801677	0.576799	0.610921	0.423179	0.523133	0.634884	0.402056	0.579821	0.55095	0.5476	0.463079	
2	98	0.396513	0.62123	0.285851	0.570908	0.226173	0.26303	0.50848	0.119157	0.347704	0.451273	0.436341	0.364725	0.200724	0.318869	0.38323	0.485661	0.480062	0.348115	0.406214	0.708328	0.554796	0.742357	0.793902	0.645603	0.497963	
1	99	0.954173	1	0.871633	0.743184	0.786917	0.976161	1	0.926618	0.957101	0.894266	1	1	0.916964	1	0.903746	0.963238	1	0.993999	1	0.933316	0.887994	1	0.987674	0.897569	0.743575	
2	100	0.730363	0.709725	0.960257	0.994816	0.862287	0.718002	0.879311	0.878391	0.972286	0.916679	0.715052	0.851203	0.729896	0.989227	1	0.795027	0.81348	0.744591	0.812095	0.997398	0.881407	0.809691	0.801136	0.925935	1	
0	101	0.486175	0.713458	0.634546	0.818021	0.726964	0.393211	0.556424	0.807684	0.540184	0.530057	0.991652	0.911318	0.913973	0.943225	0.980568	0.799505	0.755183	0.784093	0.76184	0.98223	0.322358	0.928591	0.853764	1	0.834803	
0	102	0.493602	0.557876	0.672819	0.649448	0.587226	0.516815	0.573769	0.633372	0.648774	0.578599	1	0.946687	1	0.997336	0.931223	0.697005	0.868301	0.815551	0.756422	0.853334	0.458646	0.987057	0.927374	0.910745	0.989525	
0	103	0.360686	0.588884	0.703211	0.496668	0.289645	0.288387	0.41472	0.304818	0.355723	0.20539	0.487749	0.571555	0.621266	0.551521	0.580548	1	0.72881	0.668855	0.723577	0.996418	0.722248	0.955953	0.953276	0.940197	1	
0	104	0.25451	0.306055	0.610385	0.373923	0.307198	0.193876	0.407081	0.494434	0.539136	0.236183	0.207135	0.353279	0.36559	0.48678	0.407012	0.529084	0.736543	0.717582	0.805284	1	0.208079	0.76196	0.725821	0.841613	0.784225	
0	105	0.366364	0.550256	0.752737	0.743576	0.33195	0.34627	0.625766	0.613815	0.540809	0.404508	0.535347	0.482684	0.568172	0.57739	0.402399	0.716795	0.76138	0.689595	0.956491	0.677977	0.555226	0.871737	0.674629	0.843258	0.494754	
0	106	0.340759	0.640364	0.59493	0.607268	0.478838	0.293883	0.595991	0.537098	0.612739	0.759915	0.612615	0.61192	0.875046	0.88866	0.786785	0.70438	0.520141	0.730373	1	0.880334	0.572593	0.820845	0.990581	0.91436	0.639547	
0	107	0.640923	0.570133	0.542073	0.388955	0.207934	0.747389	0.632468	0.493338	0.377418	0.372672	1	1	0.718925	0.656397	0.618866	0.879247	0.97873	0.6303	0.560856	0.706073	0.531918	0.883987	0.882027	0.701442	0.45484	
0	109	0.383647	0.348504	0.306609	0.262544	0.143393	0.373213	0.236079	0.109742	0.192442	0.0799065	0.514579	0.501287	0.271734	0.225922	0.195537	0.693459	0.997499	0.650343	0.602484	0.20681	0.363229	0.804072	0.756402	0.505463	0.250411	
0	110	0.148496	0.263402	0.423616	0.275644	0.170279	0.11889	0.240765	0.206818	0.379101	0.225561	0.264826	0.553741	0.364259	0.504641	0.442909	0.293027	0.464323	0.543413	0.480835	0.578889	0.0952137	0.603331	0.792024	0.832074	0.417967	
0	111	0.200493	0.256337	0.282832	0.23286	0.332539	0.215511	0.258522	0.158013	0.355344	0.255649	0.256531	0.327271	0.410922	0.421577	0.625486	0.524228	0.59252	0.364295	0.474903	0.683692	0.289871	0.685628	0.697248	0.586917	0.385239	
0	112	0.213339	0.293602	0.365921	0.473061	0.388866	0.190431	0.270302	0.317734	0.469846	0.435823	0.216211	0.305921	0.167828	0.41401	0.598555	0.422565	0.563243	0.464981	0.543064	0.92266	0.439567	0.673171	0.38251	0.425932	0.816749	
0	113	0.336047	0.34187	0.432769	0.315975	0.243459	0.277192	0.519301	0.2468	0.443961	0.237638	0.465801	0.765975	0.439761	0.498832	0.539556	0.454425	0.774356	0.391961	0.434068	0.735864	0.436124	0.617037	0.618109	0.474058	0.682329	
0	114	0.641262	0.522787	0.491301	0.520108	0.477355	0.394027	0.353199	0.447357	0.385506	0.401579	0.765547	0.580976	0.518212	0.58891	0.625588	0.524409	0.390199	0.25911	0.40523	0.636203	0.527307	0.420997	0.294288	0.361623	0.470623	
0	115	0.659068	0.601712	0.671657	0.664088	0.6114	0.392497	0.641344	0.533532	0.67747	0.634549	0.643515	0.810001	0.602336	0.952113	0.910726	0.727024	0.885866	0.639304	0.897403	1	0.638137	0.885792	0.647458	0.857461	0.957054	
0	116	0.492359	0.490759	0.472512	0.582425	0.555979	0.291717	0.346232	0.441449	0.429914	0.478269	0.50526	0.601925	0.593399	0.757446	0.647794	0.314909	0.231027	0.296272	0.25106	0.361192	0.27485	0.67232	0.389425	0.582193	0.540211	
0	117	0.712486	0.682786	0.57789	0.582621	0.426224	0.584923	0.549427	0.480902	0.581949	0.676195	0.879533	0.734945	0.515844	0.796436	0.677474	0.777344	0.710008	0.323291	0.608717	0.881542	0.630997	0.889537	0.581102	0.862816	0.650694	
0	118	0.658399	0.858738	0.776128	0.766492	0.636272	0.604342	0.751604	0.655795	0.56482	0.480905	0.622152	0.683438	0.709963	0.939297	0.657244	0.75681	0.842433	0.669738	0.996478	0.871814	0.835567	0.837552	0.75174	0.993813	0.734298	
0	119	0.983465	0.801693	0.758425	0.709015	0.624639	0.687619	0.778645	0.61304	0.680496	0.606819	0.916732	0.995052	0.680994	0.712923	0.814148	0.989553	1	0.825696	0.811191	0.981252	0.788966	0.989402	0.777462	0.769532	0.827469	
0	120	0.331066	0.283588	0.502365	0.477609	0.610739	0.359404	0.411336	0.486182	0.58854	0.67302	0.477729	0.379725	0.55534	0.865444	0.931562	0.560932	0.351824	0.591167	0.921167	1	0.489952	0.383674	0.818415	0.932238	0.673591	
0	121	0.493208	0.427686	0.382548	0.469862	0.401518	0.26381	0.365462	0.568457	0.575489	0.367609	0.501422	0.46529	0.810901	0.864724	0.602692	0.692725	0.413676	0.791073	0.912359	0.481234	0.600833	0.464458	0.625037	0.643969	0.541164	
0	122	0.46526	0.579296	0.69142	0.841708	0.48446	0.256973	0.477207	0.561241	0.664603	0.549127	0.436713	0.386922	0.858221	0.904018	0.751605	0.710152	0.468721	0.848818	0.996676	0.692325	0.46194	0.468219	0.934213	0.775296	0.573255	
0	123	0.112363	0.45431	0.681772	0.672805	0.645635	0.171808	0.501162	0.438063	0.68506	0.753766	0.349384	0.511611	0.617114	1	0.983533	0.278768	0.494423	0.628765	0.859439	1	0.330024	0.436972	0.78865	0.939557	0.742053	
0	124	0.147755	0.421865	0.58853	0.633286	0.773279	0.206766	0.440542	0.636629	0.655362	0.836366	0.320032	0.499723	0.740373	0.994779	0.980686	0.356596	0.398956	0.71012	1	0.957659	0.286553	0.421111	0.949934	0.88029	0.786883	
0	125	0.212275	0.477749	0.613665	0.513602	0.540087	0.26064	0.496813	0.477006	0.721785	0.516189	0.55058	0.483317	0.545726	0.912237	0.896652	0.638135	0.53946	0.594103	0.898034	0.903602	0.247661	0.664433	0.791593	0.882707	0.598719	
0	126	0.231853	0.510275	0.569786	0.449348	0.411278	0.265555	0.536346	0.387139	0.675392	0.352303	0.701756	0.526943	0.521649	0.948542	0.643014	0.622079	0.586147	0.499998	0.708248	0.702715	0.296056	0.670079	0.690589	0.632896	0.357326	
0	127	0.658624	0.593906	0.635988	0.409331	0.347281	0.438853	0.718824	0.42107	0.610242	0.333196	0.735391	0.819455	0.378502	0.519074	0.508256	0.863811	0.939618	0.595728	0.681116	0.671394	0.472321	0.918559	0.640179	0.663227	0.516546	
0	128	0.733067	0.518138	0.513063	0.36039	0.146563	0.452213	0.570472	0.393269	0.277967	0.161346	0.67977	0.782237	0.358539	0.378833	0.267894	0.997112	0.96296	0.479526	0.514679	0.3968	0.72506	0.940059	0.466556	0.417031	0.213609	
0	129	0.651217	0.609395	0.542107	0.44949	0.328855	0.584102	0.62331	0.482031	0.46478	0.209497	0.802153	0.824251	0.588378	0.318874	0.434235	0.998357	1	0.718899	0.537446	0.539037	0.710321	1	0.760921	0.43196	0.361394	
0	130	0.614165	0.534486	0.369194	0.337397	0.137797	0.693093	0.622919	0.415682	0.227086	0.264352	0.959869	0.953431	0.54838	0.381381	0.368611	0.742028	1	0.666491	0.308356	0.224399	0.600278	0.69065	0.753546	0.333346	0.182249	
0	131	0.676549	0.669999	0.626467	0.376778	0.204084	0.894626	0.743474	0.774179	0.701205	0.23373	1	0.971001	0.681322	0.527426	0.51123	1	0.89787	0.73798	0.556493	0.334906	0.99283	0.83341	0.63618	0.41915	0.159501	
0	132	0.726422	0.646951	0.676222	0.443313	0.39096	0.770103	0.717886	0.79949	0.680103	0.427203	0.998117	0.9994	0.886635	0.488466	0.716408	1	1	0.792082	0.597514	0.643621	0.844585	0.954037	0.722601	0.46742	0.345417	
0	133	0.577393	0.68795	0.712679	0.359005	0.26855	0.67844	0.793869	0.763427	0.631832	0.325351	0.929476	0.959002	0.532876	0.774732	0.413345	0.831128	0.90409	0.691419	0.475373	0.307366	0.540389	0.848254	0.618052	0.608067	0.101531	
0	134	0.457669	0.599491	0.930737	0.523659	0.430459	0.617707	0.844563	0.760568	0.766999	0.511875	1	0.933535	0.507698	0.868778	0.93138	0.982036	0.913487	0.741085	0.726543	0.942513	0.760371	0.777134	0.584929	0.710319	0.523849	
0	135	0.320065	0.535579	0.939387	0.704737	0.713317	0.33268	0.77925	0.600017	0.812263	0.797058	0.542039	0.827107	0.54652	0.792104	1	0.494938	0.701493	0.627455	0.712917	0.995923	0.23033	0.679922	0.560685	0.859946	0.784135	
0	136	0.346506	0.565785	0.929145	0.660198	0.426146	0.309536	0.586254	0.859661	0.784624	0.63898	0.348737	0.911325	0.577321	0.932902	0.909422	0.321239	0.897406	0.625696	0.714313	1	0.244346	0.601098	0.552989	0.622743	0.996058	
0	137	0.461352	0.536846	0.672199	0.452759	0.378881	0.545488	0.762148	0.651563	0.758408	0.473461	0.996862	0.640209	0.25341	0.744279	0.633931	0.735031	0.542725	0.75437	0.606454	0.606694	0.648509	0.541096	0.522405	0.610796	0.297289	
0	138	0.437617	0.435131	0.509608	0.376245	0.433268	0.42241	0.634082	0.663394	0.648323	0.668557	0.979791	0.787583	0.246199	0.51889	0.712652	0.701898	0.427478	0.512933	0.397258	0.678133	0.602018	0.425362	0.600349	0.360625	0.552389	
0	139	0.287533	0.478034	0.528741	0.332883	0.339395	0.502168	0.799968	0.650886	0.804501	0.657398	0.828871	0.829157	0.222311	0.661517	0.712605	0.673043	0.497777	0.727958	0.452445	0.661317	0.374343	0.482403	0.581801	0.489701	0.55143	
0	140	0.347711	0.471645	0.541124	0.429401	0.427491	0.589474	0.761227	0.647454	0.631761	0.653531	0.701629	0.880536	0.335053	0.513711	0.71321	0.811086	0.667044	0.714706	0.536899	0.622216	0.40448	0.637813	0.553451	0.473108	0.52425	
0	141	0.358435	0.465371	0.546855	0.408294	0.390828	0.668312	0.705493	0.571895	0.544663	0.555685	0.589607	0.812275	0.294341	0.443846	0.656378	0.576892	0.491225	0.644461	0.538968	0.559927	0.283667	0.777412	0.532027	0.509213	0.405968	
0	142	0.570983	0.782167	0.921324	0.792852	0.732483	0.759459	0.867564	0.833021	0.840363	0.647866	0.783873	1	0.750357	0.950018	0.991578	0.597041	0.826987	0.795389	0.825797	0.767108	0.325985	0.954187	0.877034	0.959244	0.354303	
0	143	0.367856	0.482152	0.473234	0.616319	0.712979	0.445083	0.326201	0.437232	0.403758	0.538871	0.508168	0.678704	0.763749	0.775947	0.854035	0.348604	0.680571	0.395103	0.651174	0.701522	0.239064	0.387772	0.460802	0.5682	0.519954	
0	144	0.635237	0.508102	0.554294	0.535127	0.525113	0.627235	0.451973	0.520161	0.534063	0.447617	0.639823	0.964227	0.642413	0.926503	0.732737	0.494491	0.764526	0.381593	0.730732	0.573099	0.378828	0.591398	0.546514	0.643687	0.343017	
0	145	0.389841	0.453548	0.573811	0.573006	0.675187	0.327177	0.400123	0.481141	0.431505	0.461882	0.75095	0.858052	0.968149	0.962212	1	0.591326	0.583703	0.473047	0.74602	0.798156	0.419027	0.419454	0.502386	0.572533	0.606163	
0	146	0.565388	0.708001	0.966008	0.800726	0.775522	0.655375	0.783443	0.837993	0.886312	0.723675	0.512983	1	0.735665	0.936255	1	0.334771	0.859703	0.803953	0.893979	1	0.403959	0.683782	0.875876	0.943762	0.98766	
0	148	0.391251	0.489342	0.548061	0.394889	0.301923	0.462058	0.548331	0.553359	0.431328	0.318539	0.712105	0.388791	0.37433	0.762069	0.443116	0.708864	0.542809	0.566585	0.750492	0.573597	0.399637	0.480638	0.520153	0.635844	0.33998	
0	149	0.643471	0.541604	0.556399	0.453752	0.247228	0.657225	0.679329	0.700226	0.55422	0.241249	0.786237	0.800879	0.567433	0.346701	0.459954	0.912566	0.999014	0.627999	0.580361	0.429666	0.668889	0.881891	0.650535	0.516934	0.272555	
0	150	0.16182	0.41493	0.520226	0.526722	0.435211	0.258886	0.322332	0.447683	0.460807	0.461255	0.466823	0.397984	0.540317	0.873872	0.674682	0.211658	0.518704	0.719988	0.987919	0.759208	0.139877	0.503824	0.875855	0.970176	0.43227	
0	151	0.269934	0.397936	0.541105	0.658357	0.542924	0.290848	0.438604	0.525311	0.496447	0.486932	0.479033	0.382033	0.425423	0.74855	0.868284	0.679626	0.559187	0.599413	1	0.92508	0.323535	0.649085	0.707696	0.845465	1	
0	152	0.134879	0.396318	0.616533	0.591063	0.38746	0.161006	0.327605	0.466322	0.512937	0.438173	0.51726	0.345329	0.449825	0.812981	0.600159	0.269219	0.605319	0.693226	0.960386	0.769005	0.366555	0.576022	0.815395	0.999782	0.51817	
0	153	0.218301	0.426261	0.571093	0.487983	0.284099	0.224812	0.266646	0.246131	0.332843	0.322726	0.478684	0.383613	0.281106	0.464532	0.35732	0.383916	0.496681	0.517704	0.605607	0.678614	0.570403	0.534529	0.507279	0.800952	0.784813	
0	154	0.29604	0.454885	0.399682	0.286792	0.224353	0.37551	0.393554	0.484285	0.349812	0.182964	0.557893	0.740185	0.341269	0.290336	0.195865	0.967155	0.757899	0.470336	0.413169	0.30911	0.99478	0.793637	0.517504	0.428221	0.35011	
0	155	0.438183	0.834012	1	0.884735	0.743457	0.66813	0.602126	0.542059	0.892304	0.601618	0.876815	0.56726	0.576053	0.999361	0.926867	0.58561	0.759861	0.855676	0.988995	1	0.153734	0.627183	0.714494	0.792555	0.958669	
0	156	0.725146	0.662022	0.655998	0.633246	0.313382	0.724226	0.820614	0.537025	0.279362	0.211742	0.962682	1	0.938036	0.444039	0.30262	0.822298	1	0.707279	0.672299	0.232296	0.760612	0.941656	1	0.709257	0.167465	
0	157	0.619866	0.542761	0.505208	0.286514	0.24037	0.594669	0.534384	0.565912	0.524287	0.151463	0.943252	0.869276	0.484575	0.382965	0.128664	1	1	0.741315	0.496574	0.170997	0.946277	0.945172	0.672674	0.381857	0.169805	
0	158	0.268141	0.502396	0.528828	0.403061	0.201778	0.282466	0.303425	0.282671	0.340258	0.257879	0.456801	0.265092	0.376128	0.173562	0.282669	0.610635	0.334387	0.523652	0.332968	0.577469	0.377272	0.745316	0.516643	0.635168	0.709166	
0	159	0.178705	0.247704	0.452425	0.347168	0.213243	0.191151	0.325433	0.281713	0.283778	0.315635	0.254304	0.327708	0.25717	0.292624	0.431217	0.198262	0.338965	0.361402	0.540236	0.876075	0.128159	0.312821	0.604837	1	0.666868	
0	160	0.228675	0.324887	0.329695	0.316913	0.213394	0.150825	0.320168	0.403362	0.448431	0.33266	0.283494	0.559152	0.29835	0.229398	0.317104	0.340068	0.602196	0.468614	0.304632	0.601918	0.136686	0.521808	0.526229	0.485459	0.693589	
0	161	0.456849	0.691173	0.60832	0.491476	0.302533	0.408929	0.32382	0.276382	0.496498	0.344421	0.707569	0.433239	0.314171	0.20886	0.372836	0.920136	0.518113	0.576743	0.306537	0.467344	0.702098	0.428419	0.607637	0.334475	0.543463	
0	162	0.395025	0.456368	0.511174	0.240084	0.170377	0.431233	0.442723	0.386766	0.408334	0.253517	0.545064	0.781962	0.334522	0.280562	0.445175	0.660893	0.850651	0.472492	0.384388	0.373787	0.379137	0.844164	0.895916	0.434801	0.583623	
0	163	0.644927	0.673747	0.887925	0.679528	0.929144	0.475572	0.693489	0.81154	0.845669	0.859466	0.881102	0.860067	0.805547	0.912236	0.932621	0.936885	0.681795	0.805623	0.882992	0.997471	0.847076	0.586122	0.82749	0.714756	0.909094	
0	164	0.377468	0.511078	0.588406	0.529345	0.748816	0.344571	0.564472	0.468025	0.582786	0.532912	0.270917	0.650393	0.375701	0.683658	0.758238	0.343653	0.533397	0.491274	0.750581	0.863959	0.297711	0.494543	0.444051	0.582257	0.744638	
0	165	0.502751	0.718891	0.785719	1	0.950819	0.570445	0.833625	0.792339	0.795268	0.875762	0.656662	0.842922	0.689049	0.69193	0.714707	0.697039	0.965595	0.59016	0.67645	0.950586	0.549351	0.789513	0.666766	0.683657	0.877983	
0	166	0.58243	0.647898	0.69849	0.654436	0.627608	0.713845	0.702272	0.719788	0.807926	0.634491	0.833851	0.998839	0.556675	0.875162	0.837144	0.791803	0.769399	0.700111	0.786355	0.977634	0.594625	0.997145	0.985266	0.91827	1	
0	167	0.65182	0.686834	0.810934	0.511301	0.21788	0.496098	0.572967	0.483093	0.491112	0.395486	0.867471	0.780106	0.579215	0.713587	0.586841	0.715042	0.751894	0.618371	0.66744	0.51273	0.777146	0.571207	0.599743	0.327932	0.383666	
0	168	0.69307	0.737671	0.696638	0.564137	0.230431	0.674258	0.522522	0.592882	0.430585	0.502616	0.875506	0.759571	0.882149	0.64892	0.844008	0.878488	0.92162	0.602314	0.607767	0.779345	0.997158	0.805314	0.633237	0.470921	0.502614	
0	169	0.845019	0.434467	0.612843	0.372917	0.139246	0.433051	0.406097	0.523289	0.487703	0.391802	0.467275	0.720737	0.605827	0.511293	0.402078	0.837381	0.69796	0.505852	0.385413	0.363971	0.55351	0.638576	0.722404	0.321683	0.146781	
0	170	0.523237	0.740215	0.768217	0.596201	0.382436	0.51761	0.636787	0.552074	0.709432	0.712205	0.928524	0.789327	0.728906	0.659927	0.787728	0.735679	0.728829	0.634735	0.72204	0.772857	0.451125	0.655571	0.551547	0.538044	0.38161	
0	171	0.383114	0.580917	0.566139	0.397443	0.28289	0.324736	0.370158	0.303433	0.540649	0.37324	0.577575	0.546876	0.370547	0.540664	0.841502	0.420247	0.506116	0.512776	0.571218	0.811131	0.210509	0.464817	0.348931	0.448491	0.541725	
0	172	0.450481	0.678489	0.90249	0.602526	0.478496	0.462174	0.700696	0.598156	0.475123	0.509534	0.758453	0.904698	0.817957	0.813691	0.882435	0.756117	0.733952	0.632384	0.731781	0.78901	0.636823	0.625383	0.537538	0.585717	0.337979	
0	173	0.517254	0.699786	0.874406	0.548414	0.381798	0.484367	0.681455	0.606008	0.536217	0.621208	0.887499	0.859378	0.937566	0.942498	0.773782	0.77509	0.625006	0.672348	0.804672	0.556166	0.671842	0.739207	0.566018	0.544517	0.340456	
0	174	0.70658	0.651673	0.788028	0.629051	0.361664	0.563222	0.61875	0.62078	0.548362	0.56626	0.680493	0.974041	0.730155	0.753628	0.798705	0.726672	0.782812	0.644288	0.644997	0.447283	0.50475	0.811924	0.878425	0.679229	0.36539	
0	175	0.816305	0.762152	0.940436	0.781637	0.329311	0.604791	0.578989	0.666825	0.549103	0.384823	0.845831	0.835591	0.858017	0.765924	0.691033	0.847381	0.927624	0.582556	0.659257	0.422231	0.744406	0.608699	0.632539	0.452231	0.415788	
0	176	0.377365	0.673516	0.904449	0.635355	0.548099	0.353414	0.679038	0.530883	0.558354	0.484604	0.507551	0.934665	0.568826	0.915356	0.998317	0.608169	0.744303	0.630458	0.734311	0.99988	0.334083	0.527579	0.714723	0.65527	0.621664	
0	177	0.48507	0.621141	0.804759	0.613183	0.593624	0.460719	0.582541	0.634734	0.5482	0.707358	0.81495	0.597018	0.547091	0.56815	0.933014	0.613304	0.758082	0.606251	0.685887	0.805639	0.523862	0.552815	0.516228	0.541681	0.531112	
0	178	0.665611	0.650494	0.99529	0.799711	0.636768	0.4917	0.676764	0.718337	0.635937	0.684904	0.855676	0.904163	0.783739	0.693708	1	0.772798	0.921581	0.627606	0.745525	1	0.828023	0.791265	0.681626	0.612009	0.685267	
0	179	0.716364	0.912995	0.946476	0.671468	0.284126	0.723276	0.895013	0.940748	0.906253	0.744031	1	0.95696	0.781418	0.863092	0.762601	0.988339	0.927181	0.848018	0.751474	0.714922	0.937671	0.798588	0.64261	0.568314	0.82905	
0	180	0.485887	0.627517	0.939131	0.808509	0.660728	0.504291	0.701841	0.611337	0.711241	0.60824	0.80371	0.856044	0.57376	0.794164	1	0.579931	0.956377	0.622402	0.706446	1	0.624401	0.667958	0.616926	0.611136	0.778202	
0	181	0.378478	0.560275	0.895612	0.64971	0.844008	0.367441	0.42221	0.449921	0.670388	0.56225	0.336093	0.336477	0.87586	0.793078	0.904444	0.698746	0.509006	0.609722	0.820514	0.859814	0.926527	0.410378	0.574103	0.807739	0.572896	
0	182	0.20827	0.381883	0.807773	0.885766	0.315939	0.232522	0.342988	0.387477	0.497965	0.288444	0.303865	0.403382	0.483793	0.731812	0.580857	0.405728	0.690058	0.424225	0.607155	0.69639	0.256032	0.776691	0.82719	0.55666	0.801024	
1	184	1	1	1	1	0.980461	1	1	1	1	1	1	1	1	1	1	1	1	0.996544	1	1	0.915199	1	1	1	0.956001	
1	185	1	1	1	0.99988	0.775907	1	1	0.98913	0.918333	0.791875	1	1	0.934334	1	0.910297	1	1	0.998685	0.941693	0.966255	0.834225	1	1	1	0.877181	
1	186	1	1	1	1	1	0.976813	0.976324	0.977999	1	1	0.835307	1	0.988196	1	1	0.793578	0.981128	0.995179	0.945951	1	0.866786	0.904118	1	1	0.86631	
1	187	1	1	1	1	0.945115	1	1	1	1	0.926166	1	0.980748	0.896702	1	1	0.932994	1	0.990077	0.987117	0.999585	0.861668	1	1	1	0.854918	
1	188	1	1	1	0.994482	0.825724	1	1	0.994702	0.872335	0.808839	1	0.982985	0.897493	0.983149	0.911211	0.96732	0.99347	0.996928	0.908174	0.893884	0.824007	1	1	1	0.896038	
1	189	1	1	1	1	0.988339	1	1	1	1	1	0.986493	1	1	1	1	0.991885	1	1	1	1	0.853039	1	1	1	0.94955	
1	190	1	1	1	1	1	1	1	1	1	1	1	1	1	1	1	1	1	1	1	1	0.883111	1	1	1	1	
1	191	0.677207	0.981857	1	1	1	0.781054	0.985545	0.983204	1	1	0.797335	0.998051	0.965474	1	1	0.799599	0.93374	0.92701	0.982364	1	0.886133	0.786549	0.998618	1	1	
1	192	1	1	1	1	0.919136	1	1	1	1	0.993808	1	1	1	1	1	1	1	0.959519	1	1	1	1	1	1	0.853919	
1	193	1	1	1	1	1	1	1	1	1	1	1	1	1	1	1	0.997316	1	1	1	1	0.994937	1	1	1	1	
1	194	0.804154	1	1	1	1	0.852758	1	1	1	1	0.882653	1	0.99657	1	1	0.809811	1	0.960261	1	1	0.844186	0.850825	1	1	1	
1	195	1	1	1	1	1	1	1	1	1	1	1	1	1	1	1	0.994661	1	0.947885	1	1	0.815273	1	1	1	0.883329	
1	196	1	1	1	1	1	0.992916	0.997418	0.976066	1	1	1	1	1	1	1	0.901067	0.989131	0.901353	0.997846	1	0.880177	0.995775	1	0.998411	1	
1	197	1	1	1	1	0.959486	1	1	1	1	0.933793	1	1	1	1	0.944535	1	1	0.96766	0.998823	1	0.928898	1	0.99947	0.836957	0.999675	
1	198	0.896903	1	1	1	1	0.928195	1	1	0.998365	0.785721	0.942516	1	1	1	0.753097	1	0.996706	0.999781	0.92944	0.740467	1	1	0.982985	0.731213	1	
1	199	0.91162	0.903407	1	1	1	0.96014	0.870984	0.99988	0.941994	0.774091	1	1	0.995474	0.956029	0.672017	0.92989	0.998523	1	0.911098	0.628698	1	1	1	0.772215	0.824522	
1	200	1	1	0.999766	0.977841	0.716964	1	1	0.756008	0.726778	0.83233	1	0.98019	0.89691	0.991115	1	1	1	1	0.998533	1	1	1	1	1	1	
1	201	1	1	0.817778	0.981625	0.979754	1	0.962554	0.877863	0.931211	0.955642	0.818048	0.878535	0.71532	0.965037	1	0.931244	1	0.946638	0.98292	0.993958	0.998918	1	1	1	1	
1	202	0.997709	0.993378	0.981954	0.885816	0.744134	1	0.95442	0.706704	0.871323	0.950149	0.995922	0.994178	0.906011	1	1	1	1	1	0.941276	1	1	1	1	0.965738	0.861759	
1	203	1	1	1	1	0.771164	0.988947	0.926256	0.960363	0.972875	0.779774	0.930833	0.976189	0.746444	0.952322	0.976109	0.928712	1	0.859694	0.953155	1	1	1	1	1	0.965523	
1	204	0.987736	0.723473	1	1	0.947985	0.991472	0.970897	0.906284	1	0.848817	0.862034	1	0.842493	1	1	0.955603	1	1	0.994989	1	1	1	1	1	1	
1	205	1	0.996837	0.998918	0.965186	0.677396	1	0.97084	0.852872	0.883728	0.802921	1	1	0.9312	0.917388	0.962128	1	1	0.999468	0.883838	0.906955	1	1	1	1	0.824803	
1	206	0.959989	0.939491	1	0.984684	0.668978	1	0.924265	0.749664	0.772329	0.818029	0.952813	0.952154	0.913651	0.998693	1	1	1	0.996792	0.955449	0.929708	1	1	1	0.99491	0.918491	
1	207	0.811721	0.950283	0.911366	0.978249	0.720404	0.962462	0.812918	0.912063	0.874619	0.708036	0.742263	0.822432	0.811296	0.999594	1	0.928073	0.98981	0.88289	0.991117	1	0.946589	1	0.994524	0.99931	0.942483	
1	208	0.740889	0.880376	0.996416	0.969798	0.787663	0.973922	0.83567	0.819672	0.910365	0.633973	0.733877	0.86603	0.778341	0.971966	1	0.904874	1	0.767116	0.976245	1	0.925251	0.993903	0.971173	0.953856	0.996804	
1	209	0.753241	0.918616	0.855147	0.973232	1	0.852066	0.954449	0.86472	0.928459	0.999625	0.790564	0.941467	0.769161	0.995857	1	0.962847	1	1	0.999151	1	1	1	1	1	0.958491	
1	210	0.722881	0.757479	0.855857	0.983695	0.791513	1	0.993011	0.978095	0.990706	0.769025	1	1	0.810496	0.934754	0.984084	0.976344	1	0.819989	0.927891	0.951348	1	1	0.999861	0.987073	0.881339	
1	211	0.858146	0.790938	0.946903	0.677436	0.926076	0.981936	1	0.933639	0.908369	0.915414	0.929763	1	0.90304	0.772673	0.992405	0.968813	0.999667	0.922996	0.784617	0.992129	1	1	0.987448	0.966086	0.965847	
1	212	0.72179	0.751118	0.931704	0.981566	0.837979	1	0.977546	0.987828	1	0.84162	0.986738	1	0.883864	0.983646	1	1	1	0.988396	0.967065	1	1	1	1	1	0.972834	
1	213	0.765051	0.753496	0.927737	0.985921	0.977559	1	0.935138	0.797399	1	1	0.949661	1	1	0.985201	1	1	1	1	0.995111	0.985	1	1	1	1	0.995188	
1	214	0.715247	0.702847	0.857145	0.957027	0.976609	0.988665	0.90687	0.818647	0.999584	0.988981	0.9161	0.924922	0.817154	0.940681	0.986613	0.984968	1	0.833691	0.898351	0.962187	1	1	0.970736	0.938056	0.943266	
1	215	0.743391	0.853591	0.678818	0.81645	0.818112	0.907041	0.809713	0.738002	0.885845	0.792816	0.876856	0.800979	0.795943	0.892285	0.94933	0.852828	0.991511	0.716346	0.839349	1	1	0.947989	0.950811	0.897628	0.93375	
1	216	0.942337	0.818779	0.731421	0.867263	0.707741	1	0.93704	0.785047	0.779158	0.751629	0.921822	0.901563	0.788327	0.921776	1	1	1	0.9242	0.92391	1	1	1	1	0.962341	0.898225	
1	217	0.73358	0.818543	0.92244	0.964795	0.908958	0.956481	0.879316	0.833322	0.928884	0.910516	0.875118	0.889473	0.905322	0.952886	1	0.993888	0.976601	0.890409	0.897803	0.985218	1	1	1	0.969713	0.922313	
1	218	0.932179	0.954547	0.984179	0.928542	0.610833	1	0.887619	0.726111	0.747926	0.72063	0.747517	0.715757	0.729562	0.728574	0.871197	0.836135	0.964711	0.66236	0.744193	0.909493	1	0.974886	0.789919	0.876281	0.904938	
1	219	0.699554	0.650098	0.794859	0.782669	0.539407	0.8714	0.606217	0.577548	0.601949	0.715117	0.791899	0.706772	0.751457	0.782522	0.937303	0.89869	0.940975	0.729468	0.748871	0.817847	1	0.991992	0.823738	0.853282	0.87421	
1	220	0.745148	0.713403	0.92441	0.917291	0.790587	0.914377	0.796275	0.650558	0.68304	0.760394	0.727701	0.89268	0.664591	0.793581	0.979154	0.823151	0.997427	0.756241	0.703478	0.842582	1	0.99943	0.827484	0.788368	0.78966	
