0	0	1343.14	197.945	235.283	606.159	424.257	29.8077	112.739	26.723	109.325	
0	1	171.746	1448.44	498.66	46.4023	17.5626	661.016	1523.12	131.493	167.903	
0	2	24.5211	192.11	20.9117	117.533	106.732	42.6006	9.79129	66.5601	63.6928	
0	3	491.627	69.5475	788.01	384.073	11.4032	1046.31	117.002	68.5219	1026.94	
0	4	25.7083	190.95	49.2745	37.6383	1032.27	26.6431	157.673	131.603	2232.53	
0	5	79.8786	127.586	9.17483	79.4803	100.78	10.2522	587.896	8.26565	8.53501	
0	6	71.7928	334.907	370.201	190.423	75.9704	462.99	23.2796	196.127	6.41417	
0	7	157.789	144.064	295.343	254.129	25.4949	24.138	258.776	45.9013	2426.92	
0	8	455.261	572.655	356.075	12.3826	56.9139	18.8143	219.728	16.2109	73.5612	
0	9	54.5692	795.341	77.2746	381.249	126.406	1235.99	291.687	10.4978	13.8785	
0	10	12.1223	1231.01	353.068	6.41217	64.7107	493.668	17.4593	8.9953	29.2033	
0	11	140.3	216.568	1153.56	69.9582	34.8997	135.162	83.9284	13.5739	123.255	
0	12	18.3023	162.209	126.455	16.6457	92.2488	219.685	129.114	814.767	74.7343	
0	13	78.9417	536.473	24.4753	79.1296	49.6787	152.261	138.569	14.799	625.608	
0	14	491.172	144.686	107.342	17.3048	85.2549	16.6412	262.943	156.121	537.378	
0	15	14.494	85.0869	64.9749	1.67254	100.377	105.239	9.49695	466.56	15.9131	
0	16	70.5214	591.639	29.8833	514.104	24.8996	20.0352	3595.6	628.747	65.2718	
0	17	417.014	2008.71	1364.1	153.882	13.017	1169.82	127.309	5433.12	302.147	
0	18	470.267	172.176	83.1855	18.6893	115.713	21.8687	502.053	593.574	218.956	
0	19	98.6987	146.201	167.648	131.811	177.754	101.54	46.1734	38.9896	646.152	
0	20	58.5311	598.984	23.3767	44.9235	5.94344	12.9524	375.245	466.482	158.292	
0	21	586.908	1822.5	21.1284	46.2519	9.83737	12.7344	494.209	1204.04	30.8112	
0	22	16.7397	105.142	46.4964	111.366	220.811	15.8921	11.367	448.665	8.12821	
0	23	89.065	22.2081	951.23	1056.27	397.325	14.5227	36.0915	19.6243	38.578	
0	24	215.951	40.3464	147.833	81.8732	18.7015	9.42596	80.3805	75.3747	691.726	
0	25	81.7031	823.278	68.3872	120.317	62.024	36.3431	1663.65	811.156	41.838	
0	26	75.0056	56.9553	462.017	9.68027	9.46746	10.9994	8.41921	44.2069	52.9151	
0	27	20.917	47.8997	304.189	11.6219	11.9676	306.816	4.64608	52.9833	41.4975	
0	28	148.232	14.1788	36.8962	47.0506	696.797	16.9494	5.14715	267.272	395.577	
0	29	234.096	83.7034	14.2384	135.996	6.53191	4.99851	72.1814	105.651	182.558	
0	30	306.613	247.031	242.099	154.246	132.649	209.192	796.503	371.114	69.5716	
0	31	166.254	13.4999	802.898	8.4418	40.9894	421.35	121.612	159.289	108.78	
0	32	74.5691	17.3974	45.3803	191.381	56.0382	183.977	370.547	443.264	574.142	
0	33	24.4454	147.897	86.2861	18.0217	65.6281	10.909	50.5047	1650.73	11.8971	
0	34	271.001	14.8019	382.604	44.9672	36.2783	18.9405	124.694	166.048	25.7085	
0	35	507.671	30.7725	111.253	8.43967	17.7029	8.52787	110.852	185.396	74.7245	
0	36	2565.56	27.1979	805.382	10.0183	156.566	20.5711	10.8122	172.946	198.308	
0	37	2485.5	50.2953	17.1766	11.8328	14.0004	55.8544	10.6927	220.977	38.852	
0	38	27.2462	32.5261	106.373	29.3087	212.601	11.5248	176.989	164.072	10.6001	
0	39	57.6185	21.1295	78.9916	7.4129	34.7666	5.37397	22.5842	1625.5	88.9104	
0	40	384.601	75.1809	81.7228	4.42676	330.774	23.8164	13.5513	165.778	21.9195	
0	41	936.588	2317.36	579.838	4.49491	55.137	17.7485	20.3816	7.40293	171.081	
0	42	161.938	9815.78	796.947	66.6557	5992.75	15728.2	434.624	12913.1	7469.16	
0	43	43.2604	100.468	126.223	246.119	236.464	6142.72	58.9636	270.193	11.4016	
0	44	71.0182	286.299	102.995	111.498	310.92	138.077	17.7502	58.0653	18.9191	
0	45	99.3755	31.266	39.616	25.214	182.486	13.1412	11.9757	95.4118	12.5086	
1	46	160.704	353.855	9.27651	359.898	1673.19	1.00415	5.96132	19.5932	1.50505	
1	47	95.4281	3935.32	1.44777	9745.3	2217.83	1	4.34586	5.1652	1.22523	
1	48	2170.08	555.58	1.02288	5.7189	6878.87	1	4.68069	4.5	1.21022	
1	49	1.1105	1.13851	58.3127	1.97228	1.46099	1.02075	5.62226	11.8328	2.30751	
1	50	1.09145	3.44007	8.16279	1.00976	384.607	1.03041	2.81278	6.84752	1.54184	
1	51	1.27833	1.42637	1768.87	6.59022	9437.65	141.74	4.79281	7.49703	2.56556	
1	52	463.916	2.51525	179.046	198.825	1.87969	1.07	13.815	15.4343	27.3745	
1	53	106.149	2.92294	2.2602	1.27727	1.52725	1.04622	11.1205	11.0248	16.169	
1	54	367.473	2.29088	7.11938	17.7198	1.3823	1.34404	2.40803	14.0038	14.9474	
1	55	85.8908	6.60467	10.1132	6.08187	4.19897	6.91755	1755.76	15.5807	17.6638	
2	56	270.064	106.168	28.6556	116.948	1475.18	73.8269	72.7571	878.637	226.683	
2	60	121.113	7.46471	33.5641	197.791	324.605	143.828	2.77642	179.235	52.0687	
2	61	95.3629	29.2788	33.8414	17.6526	59.8629	215.474	99.2457	351.671	31.7089	
2	62	43.266	6.22232	111.217	247.708	351.224	6.78567	44.3829	202.812	97.299	
2	63	87.7126	164.676	237.106	83.9433	61.8333	33.9631	73.7923	94.1118	242.192	
2	64	145.224	822.3	42.2309	257.797	959.35	67.3008	1610	23.1818	139.344	
2	65	17.9075	3.96206	4.47263	137.478	4.41396	5.27327	289.129	587.055	17.2257	
2	66	21.2092	10.553	11.4689	479.365	6.05391	95.2412	483.693	37.976	162.758	
2	67	204.28	115.316	120.064	336.157	7.92372	71.5641	976.832	91.6988	80.0418	
2	69	1008.75	5.5645	47.547	26.5846	35.5409	99.0957	89.7624	155.747	119.223	
2	70	27.4612	1.30209	9.24484	15.4706	19.567	127.041	26.2634	53.6872	180.606	
