0	0	0.360636	0.379795	0.47369	0.393721	0.406688	0.325834	0.518188	0.36732	0.590504	0.436818	0.481119	0.38942	0.308613	0.766113	0.577783	0.504119	0.619716	0.636768	0.962288	0.689889	0.340414	0.684936	0.573547	0.807486	0.476808	
0	1	0.399041	0.404559	0.45775	0.360116	0.247832	0.487938	0.623926	0.338468	0.57903	0.410088	0.680327	0.77435	0.302759	0.447446	0.587645	0.642785	0.938149	0.621859	0.695867	0.608004	0.576576	0.879044	0.533848	0.621995	0.342399	
0	2	0.606068	0.560631	0.589221	0.34405	0.775307	0.621147	0.494544	0.398499	0.291677	0.423214	0.840183	0.686466	0.466381	0.236983	0.673279	0.950927	0.783565	0.695452	0.401113	0.330989	0.751273	0.987119	0.821194	0.472257	0.453098	
0	3	0.461727	0.76412	0.53838	0.356883	0.263371	0.553781	0.900653	0.771992	0.486678	0.2732	0.715522	0.999224	0.809468	0.670137	0.338777	0.632824	0.760289	0.996001	0.854571	0.480195	0.662655	0.868198	0.659264	0.497411	0.544722	
0	4	0.327721	0.361151	0.524858	0.423529	0.6923	0.259997	0.334395	0.432482	0.535595	0.443254	0.295979	0.347383	0.404042	0.723011	0.640984	0.127774	0.349799	0.568205	0.970088	0.890853	0.223416	0.361067	0.698208	0.755962	0.586758	
0	5	0.427677	0.504536	0.4722	0.873601	0.612125	0.322388	0.479695	0.539802	0.765325	0.581134	0.347531	0.358308	0.659962	0.76957	0.648212	0.357789	0.532473	0.922944	0.946462	0.737529	0.340449	0.537026	0.871631	0.898522	0.559336	
0	6	0.160684	0.350696	0.36474	0.464786	0.494171	0.156104	0.384629	0.398133	0.482996	0.550656	0.189781	0.392699	0.246764	0.774943	0.721819	0.1769	0.343741	0.455423	0.912444	0.885374	0.263761	0.343483	0.387539	0.715449	0.8226	
0	7	0.335483	0.424777	0.536949	0.545625	0.649393	0.41382	0.495189	0.363986	0.603314	0.596535	0.567825	0.409258	0.316204	0.711377	0.741443	0.429508	0.569649	0.573866	0.919453	0.845381	0.511961	0.54117	0.428181	0.707379	0.529175	
0	8	0.615277	0.500645	0.584772	0.515822	0.325551	0.522441	0.599629	0.553874	0.357713	0.597714	0.80712	0.756458	0.526564	0.27856	0.718615	0.707037	0.854458	0.810048	0.574947	0.546416	0.564224	0.733659	0.834204	0.670083	0.765432	
0	9	0.720812	0.861903	0.474598	0.419291	0.533965	0.598571	0.676708	0.506026	0.263231	0.248058	0.823684	0.951167	0.603102	0.335335	0.485477	0.617118	0.962094	0.892585	0.487322	0.350946	0.641001	0.731737	0.504507	0.687063	0.375036	
0	10	0.985568	0.855494	0.547795	0.47651	0.249035	0.772179	0.51553	0.595748	0.223856	0.357259	0.911081	0.935264	0.64877	0.453332	0.316773	0.82923	0.956752	0.879284	0.523778	0.57049	0.730395	0.710146	0.766995	0.673618	0.571317	
0	11	0.537993	0.484631	0.617848	0.574806	0.307749	0.384501	0.425842	0.67655	0.699031	0.534058	0.447841	0.941612	0.500112	0.419093	0.517842	0.633677	0.729659	0.710747	0.480469	0.808106	0.521415	0.636388	0.729338	0.703475	0.898612	
0	12	0.309286	0.496974	0.428638	0.459689	0.578848	0.301448	0.469795	0.413425	0.555513	0.692037	0.315847	0.905765	0.379269	0.574276	0.97371	0.252266	0.544843	0.525642	0.657543	0.764379	0.573012	0.502174	0.587945	0.624485	0.667221	
0	13	0.350542	0.486253	0.458439	0.498671	0.754662	0.467464	0.381317	0.531286	0.428545	0.489269	0.594336	0.308517	0.593112	0.82342	0.504433	0.240075	0.476484	0.752698	0.844062	0.760152	0.416407	0.45079	0.594833	0.612222	0.350015	
0	14	0.470954	0.458642	0.51061	0.521374	0.371736	0.681852	0.587191	0.314861	0.378416	0.513442	0.751072	0.627621	0.331203	0.517969	0.681338	0.722198	0.618498	0.67758	0.673988	0.832029	0.808847	0.603365	0.458481	0.524081	0.574664	
0	15	0.13444	0.207848	0.506302	0.745463	0.843305	0.152623	0.35116	0.404158	0.500795	0.599733	0.168919	0.519086	0.446329	0.707515	0.608591	0.0650865	0.424765	0.579948	0.848037	0.83069	0.192092	0.345281	0.4932	0.736248	0.88124	
0	16	0.263737	0.228473	0.501428	0.563554	0.843653	0.346957	0.339339	0.441866	0.547522	0.807739	0.371667	0.417804	0.665672	0.91009	0.944968	0.252785	0.331055	0.634696	1	0.849783	0.454083	0.588315	0.581976	0.820033	0.751337	
0	17	0.567113	0.624445	0.624193	0.641096	0.386506	0.672062	0.607141	0.483796	0.435841	0.300261	0.595949	0.956198	0.917807	0.602614	0.429823	0.770414	0.980506	0.780029	0.602539	0.383683	0.800703	0.881236	0.865745	0.464392	0.676155	
0	18	0.530072	0.520151	0.782121	0.619354	0.49798	0.693356	0.586411	0.571081	0.591349	0.548211	0.737789	0.878612	0.736078	0.888085	0.807438	0.574689	0.678956	0.728059	0.801328	0.858849	0.773458	0.618838	0.614647	0.559084	0.398083	
0	19	0.15379	0.349301	0.627744	0.663282	0.613172	0.310248	0.400371	0.492205	0.592243	0.669566	0.34641	0.511926	0.621745	0.952911	0.98381	0.223207	0.399628	0.480244	0.90077	0.985866	0.349577	0.385397	0.470626	0.618786	0.578074	
0	20	0.340516	0.61535	0.678671	0.671489	0.944855	0.405292	0.592767	0.643993	0.756872	0.984225	0.352907	0.839573	1	1	0.962091	0.398337	0.715678	0.919666	1	0.94842	0.497613	0.468221	0.748377	0.896982	0.698639	
0	21	0.167305	0.446324	0.634041	0.628037	0.944473	0.301737	0.545131	0.571916	0.69368	0.962663	0.129199	0.547771	0.878464	1	0.952785	0.186794	0.52179	0.76943	0.992851	0.968135	0.616137	0.563641	0.727641	0.863224	0.730174	
0	22	0.144985	0.627872	0.945175	0.847126	0.999082	0.159014	0.38834	0.596479	0.575364	0.863852	0.157694	0.4936	0.861624	0.790227	0.897148	0.19956	0.296522	0.609698	1	0.985467	0.166465	0.209689	0.623316	0.843089	0.889532	
0	23	0.186699	0.754749	0.91584	0.782419	0.980593	0.302847	0.571687	0.676937	0.57322	0.800266	0.429163	0.630951	0.817246	0.825714	0.898116	0.244053	0.573622	0.744318	1	0.878419	0.519898	0.487349	0.614168	0.788325	0.859585	
0	24	0.391904	0.657281	0.924782	0.700517	0.571912	0.574544	0.800624	0.73777	0.649006	0.450042	0.774161	0.90538	0.807713	0.834673	0.864073	0.74043	0.78147	0.660298	0.854496	0.952547	0.405855	0.526472	0.581495	0.64318	0.634193	
0	25	0.471054	0.626749	0.895574	0.726325	0.360405	0.462017	0.633326	0.711692	0.658619	0.389961	0.860057	0.890469	0.768209	0.788718	0.706814	0.669009	0.719217	0.583334	0.824116	0.424584	0.595749	0.615305	0.540455	0.555194	0.505648	
0	26	0.824005	0.606808	0.836693	0.811676	0.517046	0.895924	0.753597	0.906516	0.815206	0.677264	0.998842	1	0.873191	0.948692	0.842979	1	0.983634	0.81271	0.682625	0.565528	0.990291	0.876659	0.619421	0.485218	0.694803	
0	27	0.980226	0.758087	0.514429	0.788476	0.433723	1	0.792146	0.804355	0.955391	0.542075	1	1	0.885435	0.950731	0.555754	1	0.996817	0.875171	0.662946	0.267871	0.998543	0.977773	0.671538	0.511424	0.550704	
0	28	0.453288	0.939909	1	0.98584	0.901288	0.246132	0.487198	0.45316	0.727427	1	0.423012	0.562996	0.497869	0.58039	0.922478	0.245316	0.477609	0.619549	0.95549	0.848249	0.186951	0.372784	0.57373	0.816109	0.674604	
0	29	0.552668	0.679995	0.69722	0.717267	0.932857	0.877632	0.748335	0.785772	0.646404	0.863765	0.701391	0.922468	0.885912	1	0.959347	0.658115	0.636409	0.839562	0.999902	0.869205	0.827972	0.60059	0.642741	0.75407	0.959892	
0	30	0.610225	0.651304	0.836866	0.60108	0.46885	0.782186	0.747065	0.787965	0.491344	0.531748	0.860732	0.867671	0.93757	0.859669	0.938619	0.475362	0.673054	0.714926	0.975736	0.847156	0.515007	0.488065	0.51536	0.609717	0.705502	
0	31	0.773625	0.591925	0.777111	0.886391	0.542842	0.602461	0.615929	0.682637	0.474453	0.346126	1	0.978865	0.952405	0.682382	0.78266	0.968505	0.783387	0.767098	0.744745	0.543731	0.839584	0.775287	0.640812	0.510147	0.64491	
0	32	0.443913	0.976235	1	0.962391	0.488993	0.457162	0.882951	0.670828	0.777099	0.266973	0.49604	0.762864	0.781547	0.730764	0.40657	0.538621	0.856195	0.736752	0.565203	0.541104	0.40193	0.694026	0.501654	0.650237	0.915882	
0	33	0.564561	0.436619	0.535234	0.554857	0.836431	0.565905	0.432523	0.593612	0.5687	0.810426	0.610228	0.489295	0.712393	0.999597	0.999715	0.638988	0.406045	0.657009	0.816941	1	0.638952	0.404283	0.599405	0.917244	0.915643	
0	34	0.359227	0.740156	0.757979	0.680033	0.601869	0.452207	0.688478	0.761837	0.688038	0.726717	0.707762	0.623134	0.93778	0.975215	0.871272	0.631163	0.604668	0.703673	1	0.859128	0.525994	0.446845	0.613188	0.781516	0.811327	
0	35	0.64967	0.749526	0.949973	0.547345	0.552237	0.74463	0.866267	0.665746	0.760559	0.639262	0.980724	0.920479	0.72919	0.96554	0.765241	0.886015	0.811739	0.780596	0.764547	0.720353	0.690023	0.694642	0.510121	0.829136	0.710322	
0	36	0.942887	0.624715	0.658265	0.521445	0.282618	0.886531	0.736775	0.764982	0.651951	0.37651	1	1	0.987086	0.646978	0.66631	1	1	0.740143	0.620272	0.584342	0.995262	0.8732	0.617078	0.425957	0.640852	
0	37	0.954993	0.568524	0.64655	0.383381	0.210227	0.847597	0.630076	0.582849	0.361724	0.239317	1	1	0.770875	0.513304	0.360286	1	1	0.63662	0.405654	0.203935	1	0.85417	0.519935	0.300806	0.161107	
0	38	0.47894	0.443306	0.701525	0.630127	0.671886	0.547284	0.674229	0.667755	0.706821	0.849894	0.320823	0.762503	0.768257	0.996798	1	0.300827	0.592353	0.676417	0.881281	1	0.407692	0.36243	0.530432	0.809784	0.974654	
0	39	0.579683	0.739999	0.981747	0.669819	0.700712	0.650549	0.835605	0.721473	0.69083	0.583686	0.838085	0.999933	0.76499	0.944612	0.976499	0.706639	0.920283	0.798346	0.780064	0.851359	0.527641	0.834704	0.534942	0.691633	0.839179	
0	40	0.761277	0.716693	0.871424	0.541945	0.317396	0.868955	0.855492	0.754775	0.553811	0.443383	1	0.984972	0.727605	0.667214	0.742343	1	0.882919	0.723956	0.628949	0.585552	1	0.765833	0.544691	0.431309	0.590111	
0	41	0.655293	0.448607	0.579936	0.38456	0.319464	0.981761	1	0.737542	0.511655	0.581966	0.926723	1	0.773299	0.550535	0.734335	0.826463	1	0.959945	0.683754	0.733976	0.935598	1	0.83079	0.612598	0.477394	
0	42	0.521089	0.630614	0.91024	0.784554	0.469736	0.509278	0.296355	0.461825	0.606465	0.441913	0.66024	0.827442	0.660239	0.8384	0.700864	0.582312	0.969072	0.713527	0.690664	0.701088	0.566511	0.738602	0.852977	0.789988	0.583032	
0	43	0.11431	0.472739	0.746398	0.565705	0.709403	0.21067	0.289256	0.50242	0.541967	0.506794	0.196316	0.307494	0.542095	0.504727	0.846605	0.0965832	0.524526	0.818113	0.801861	1	0.0883497	0.490622	0.672988	0.806165	0.970696	
0	44	0.415735	0.629003	0.824039	0.543335	0.493002	0.26965	0.414137	0.411625	0.481827	0.391126	0.388286	0.459185	0.411852	0.572236	0.415324	0.552675	0.677439	0.594404	0.767144	0.708612	0.587789	0.725062	0.673359	0.814155	0.72151	
0	45	0.348327	0.66418	0.942033	0.878408	0.657157	0.429302	0.546891	0.269765	0.627664	0.602108	0.571678	0.716068	0.456372	0.674966	0.894886	0.653601	0.667809	0.774825	0.782664	0.923843	0.619734	0.802041	0.698031	0.80341	0.975198	
1	46	0.891491	0.79619	1	0.993977	0.956829	0.924527	0.956654	0.792542	0.921393	0.904697	0.865341	0.9896	0.800368	0.96678	1	0.9604	1	1	1	1	1	1	1	1	1	
1	47	0.95392	0.894059	1	0.987991	0.976203	0.980625	0.959142	0.795551	0.890622	0.921472	0.884051	0.976969	0.968976	1	1	1	1	1	1	1	1	1	1	1	1	
1	48	0.969498	0.910602	1	1	1	1	0.975098	0.948016	1	1	0.943498	1	0.994756	1	1	1	1	1	1	1	1	1	1	1	1	
1	49	1	1	1	1	0.971839	1	1	0.985668	0.98815	0.926598	0.963584	1	0.92701	1	1	1	1	1	1	1	1	1	1	1	1	
1	50	1	1	1	1	0.95823	1	1	0.845262	0.903928	0.88446	0.999694	1	0.77765	0.936422	1	1	1	1	1	1	1	1	1	1	1	
1	51	1	1	1	0.865593	0.809795	1	1	0.922253	0.987477	0.748845	0.954468	1	0.711568	0.902155	0.974923	1	1	1	0.988323	1	1	1	1	1	1	
1	52	0.668856	0.840197	1	1	1	0.575142	0.836995	0.802691	0.826057	0.776818	0.57991	0.97205	0.597682	0.963948	1	0.98715	0.967226	0.865012	0.897381	1	1	0.944941	0.923369	1	0.894491	
1	53	0.833531	0.991957	1	1	1	0.912243	0.95121	0.937564	0.945566	1	1	0.909847	0.61093	1	1	1	0.999113	0.975917	0.945889	1	0.976554	0.996702	0.901757	1	1	
1	55	0.723122	0.964363	0.985656	1	0.930627	0.881826	0.904691	0.901393	0.99963	0.986343	0.98773	0.988694	0.695394	0.799187	1	0.988339	1	0.902482	0.907852	0.907433	0.914792	1	0.839544	0.893292	0.996258	
2	56	0.456886	0.302997	0.294805	0.530724	0.473909	0.369715	0.478474	0.390771	0.561643	0.481594	0.325881	0.240745	0.268613	0.548651	0.487776	0.573648	0.268204	0.365027	0.389879	0.410247	0.330239	0.229558	0.280852	0.335791	0.379281	
2	57	0.713643	0.603754	0.487433	0.751747	0.55387	0.569667	0.560459	0.421886	0.674869	0.722352	0.501212	0.412934	0.300598	0.69911	0.577361	0.586067	0.323072	0.444638	0.419575	0.443962	0.356263	0.377481	0.421907	0.546725	0.453131	
2	58	0.768137	0.690284	0.476	0.527305	0.422869	0.647474	0.621336	0.31845	0.410033	0.436547	0.644035	0.519705	0.333074	0.516084	0.299037	0.576362	0.452284	0.483891	0.338962	0.222521	0.584259	0.405974	0.364441	0.352298	0.328605	
2	59	0.633699	0.648574	0.72595	0.846034	0.960341	0.497981	0.392814	0.557072	0.475499	0.70603	0.444463	0.682762	0.855223	0.650202	0.533437	0.399419	0.454537	0.45054	0.556684	0.685423	0.476799	0.424678	0.430538	0.405524	0.376357	
2	60	0.51506	0.538177	0.663939	0.772721	0.689093	0.368023	0.438419	0.513493	0.439427	0.538447	0.444414	0.334913	0.465564	0.584745	0.364895	0.324263	0.43462	0.367943	0.545185	0.428714	0.280834	0.318445	0.325133	0.557998	0.418589	
2	61	0.626932	0.49539	0.537457	0.522666	0.499402	0.477618	0.562159	0.438995	0.503216	0.447418	0.524146	0.728618	0.514324	0.525125	0.634939	0.481582	0.419541	0.348387	0.442206	0.670109	0.361132	0.475678	0.426134	0.592297	0.638826	
2	62	0.420554	0.418561	0.191869	0.359014	0.179688	0.217101	0.295704	0.367337	0.242858	0.196437	0.375785	0.318897	0.68327	0.23951	0.297526	0.425719	0.297248	0.35693	0.34077	0.502677	0.549094	0.325852	0.335629	0.324338	0.390223	
2	63	0.301892	0.300804	0.475939	0.612496	0.523489	0.42608	0.404523	0.386107	0.368653	0.513634	0.445003	0.529352	0.537154	0.422734	0.587099	0.545932	0.425399	0.359964	0.533381	0.53096	0.589336	0.428159	0.308252	0.372467	0.326483	
2	64	0.450822	0.496113	0.394024	0.3903	0.232304	0.460996	0.487029	0.498451	0.265541	0.321087	0.624769	0.471804	0.498431	0.277133	0.395227	0.565676	0.391032	0.460513	0.441719	0.529603	0.566095	0.484412	0.354394	0.384151	0.394155	
2	65	0.343004	0.263454	0.187144	0.262398	0.25161	0.279009	0.199346	0.243508	0.336234	0.173937	0.4541	0.227035	0.209186	0.222787	0.166684	0.617591	0.182699	0.271558	0.378228	0.482374	0.404873	0.316677	0.301571	0.292074	0.493529	
2	66	0.50922	0.375211	0.309911	0.590379	0.555596	0.436394	0.355539	0.464103	0.406278	0.350776	0.537522	0.436443	0.365534	0.30765	0.361032	0.613027	0.300119	0.449923	0.460216	0.471299	0.411474	0.288614	0.351001	0.338513	0.361751	
2	67	0.475798	0.489592	0.353545	0.405465	0.239541	0.544206	0.333526	0.44976	0.342103	0.314887	0.377739	0.364855	0.211645	0.40063	0.32466	0.409725	0.40754	0.471601	0.44609	0.585182	0.39383	0.449159	0.410285	0.346944	0.457213	
2	68	0.64538	0.360617	0.417577	0.60438	0.475356	0.762833	0.557005	0.455935	0.498418	0.427138	0.394973	0.338805	0.344384	0.574779	0.642339	0.332502	0.469717	0.453061	0.444163	0.496274	0.609518	0.3724	0.380774	0.381903	0.398488	
2	69	0.350354	0.22665	0.305901	0.507103	0.641758	0.835032	0.83901	0.62655	0.87557	0.856538	0.601662	0.609162	0.394933	0.645869	0.662482	0.505468	0.449442	0.506002	0.450226	0.550601	0.598677	0.442792	0.385421	0.376351	0.523162	
2	70	0.486007	0.445487	0.532043	0.412462	0.328626	0.994398	0.959274	0.759885	0.746502	0.471123	0.707848	0.56914	0.319857	0.517112	0.380913	0.477224	0.571021	0.522934	0.373694	0.487717	0.643431	0.440096	0.384261	0.476644	0.527696	
2	71	0.886213	0.80256	0.964186	1	1	0.589624	0.62519	0.55665	1	0.766699	0.558384	0.710212	0.735756	0.941339	0.917003	0.564727	0.743833	0.545764	0.616347	0.675691	0.65929	0.562683	0.449674	0.552749	0.720554	
2	72	0.834002	0.870411	0.520163	0.717527	0.675126	0.516939	0.471575	0.220556	0.410499	0.467683	0.692583	0.681417	0.324888	0.53826	0.540631	0.602069	0.578505	0.429912	0.29555	0.36418	0.69795	0.497548	0.430025	0.415088	0.346135	
2	73	0.78836	0.765371	0.546573	0.920797	0.848939	0.551434	0.424415	0.322034	0.450688	0.452759	0.525436	0.4596	0.261053	0.511837	0.717433	0.711065	0.456534	0.501496	0.399229	0.538692	0.700005	0.5965	0.420139	0.443738	0.537438	
2	74	0.604767	0.911333	1	1	0.819363	0.501904	0.622191	0.963289	0.846136	0.828423	0.630138	0.583101	0.753651	0.66567	0.785463	0.501794	0.517243	0.411152	0.952154	0.788046	0.433105	0.581496	0.622785	0.540168	0.607007	
2	76	0.810296	0.608331	0.58093	0.574364	0.565839	0.59916	0.454836	0.463926	0.425012	0.440377	0.773057	0.72051	0.482931	0.666512	0.485463	0.46973	0.574833	0.459385	0.778785	0.820724	0.462966	0.600668	0.643292	0.59256	0.603225	
2	79	0.349833	0.276501	0.409972	0.414155	0.356062	0.287217	0.41214	0.336124	0.337621	0.329345	0.479452	0.385898	0.290356	0.23247	0.36848	0.632646	0.266805	0.352111	0.289943	0.42015	0.415494	0.275125	0.268512	0.267712	0.391158	
2	80	0.60027	0.689209	0.342821	0.665789	0.458334	0.470017	0.377183	0.253748	0.406838	0.400641	0.342185	0.224539	0.16842	0.428749	0.338008	0.317234	0.311394	0.250885	0.193131	0.545676	0.579877	0.41547	0.34576	0.465396	0.520065	
2	81	0.423933	0.46655	0.270348	0.592313	0.435056	0.476927	0.672426	0.326075	0.578239	0.555505	0.363682	0.375786	0.270769	0.354586	0.54257	0.53446	0.522707	0.391881	0.252284	0.420963	0.733238	0.455593	0.309275	0.350654	0.390026	
2	82	0.0720638	0.082684	0.0885745	0.091774	0.0884795	0.103586	0.0811273	0.0994216	0.0933504	0.0912977	0.105763	0.0929171	0.0998492	0.0965407	0.068303	0.117276	0.0842356	0.0989898	0.095368	0.056067	0.144871	0.0977844	0.11048	0.112525	0.0953755	
2	83	0.14423	0.176237	0.160035	0.187172	0.153383	0.136352	0.238697	0.129397	0.168792	0.0954966	0.193424	0.284325	0.193838	0.137042	0.180894	0.2041	0.386104	0.160728	0.154886	0.186751	0.160042	0.313131	0.244772	0.171327	0.261285	
2	84	0.228492	0.138908	0.138076	0.153661	0.188411	0.238176	0.186174	0.143997	0.182469	0.182829	0.258924	0.261337	0.12201	0.196006	0.265282	0.342526	0.285137	0.166708	0.284556	0.392336	0.301411	0.421998	0.182636	0.25936	0.344209	
2	85	0.284768	0.36557	0.366786	0.466641	0.2914	0.272076	0.493138	0.608546	0.655875	0.560614	0.464718	0.565245	0.768338	1	0.78546	0.34331	0.454888	0.479423	0.58674	0.627756	0.41156	0.270694	0.367257	0.442201	0.525014	
2	86	0.220461	0.374075	0.252713	0.190773	0.365075	0.21	0.293869	0.230928	0.343502	0.400976	0.388	0.453244	0.173906	0.477811	0.488267	0.408866	0.422766	0.22505	0.325049	0.51122	0.523541	0.342542	0.350676	0.501312	0.605048	
2	87	0.166821	0.261495	0.262784	0.238834	0.240348	0.17273	0.185513	0.200886	0.281075	0.349276	0.295346	0.355975	0.217946	0.307722	0.510591	0.378437	0.386443	0.1781	0.244178	0.424993	0.410011	0.247407	0.321591	0.277165	0.308275	
2	88	0.135958	0.270083	0.357606	0.240188	0.173049	0.137773	0.383996	0.320188	0.339399	0.15315	0.223438	0.237243	0.283216	0.276316	0.193955	0.16766	0.245047	0.176106	0.242886	0.288902	0.453542	0.24794	0.2515	0.253794	0.228619	
2	89	0.265358	0.186694	0.133209	0.21337	0.133699	0.107877	0.215516	0.123214	0.187637	0.131235	0.147468	0.158457	0.120029	0.17503	0.152597	0.229273	0.236523	0.200755	0.276475	0.286042	0.354782	0.275745	0.277053	0.271132	0.300265	
2	90	0.0891502	0.250177	0.14521	0.184853	0.1722	0.132641	0.241802	0.128699	0.203254	0.202933	0.0996206	0.119269	0.0764624	0.169843	0.22369	0.163957	0.151842	0.18955	0.213438	0.300625	0.219793	0.225317	0.209833	0.178159	0.236204	
2	91	0.0996307	0.200434	0.198168	0.193497	0.274006	0.092981	0.110494	0.308462	0.36025	0.279772	0.0752442	0.176207	0.198597	0.260197	0.309371	0.099016	0.105063	0.190687	0.299233	0.258992	0.0863675	0.150029	0.222182	0.276881	0.197893	
2	92	0.174948	0.111826	0.171507	0.128956	0.153506	0.151639	0.162689	0.172986	0.17658	0.116397	0.202167	0.19084	0.223004	0.256219	0.300901	0.191229	0.162046	0.213073	0.263724	0.431244	0.152022	0.234082	0.300107	0.292941	0.311173	
2	93	0.092915	0.0682868	0.184386	0.101556	0.220239	0.111163	0.141036	0.136004	0.286065	0.508498	0.0889249	0.112078	0.153625	0.204505	0.595953	0.137255	0.172237	0.1809	0.273295	0.262076	0.133551	0.175215	0.254068	0.269577	0.179312	
2	94	0.13844	0.1699	0.156055	0.203719	0.128385	0.161299	0.124031	0.208082	0.175465	0.110686	0.116765	0.134821	0.123751	0.216333	0.146545	0.186367	0.191109	0.247102	0.18668	0.374809	0.134528	0.223166	0.199144	0.346311	0.358397	
2	95	0.419187	0.741459	0.752493	0.849035	0.411474	0.478799	0.695179	0.501491	0.759082	0.566107	0.450574	0.718824	0.630398	0.632986	0.977574	0.350356	0.65492	0.646553	0.694469	0.601735	0.421335	0.31349	0.438748	0.367861	0.357014	
2	96	0.325698	0.50732	0.207727	0.478816	0.281032	0.330679	0.442726	0.171422	0.347676	0.561596	0.3817	0.369023	0.21883	0.296372	0.48914	0.326095	0.503619	0.288744	0.384955	0.727975	0.426733	0.702438	0.628037	0.655575	0.594057	
2	97	0.34131	0.544258	0.250412	0.779996	0.598404	0.535199	0.299613	0.29733	0.5325	0.730526	0.587103	0.407101	0.189121	0.471465	0.79236	0.576211	0.594098	0.407821	0.531872	0.632264	0.400703	0.578714	0.549236	0.530928	0.462778	
2	98	0.385953	0.608759	0.291334	0.549322	0.241907	0.25841	0.507621	0.11637	0.340203	0.44921	0.430904	0.373157	0.20645	0.324375	0.378366	0.489055	0.475385	0.336386	0.407913	0.704801	0.556861	0.733655	0.777081	0.636824	0.511879	
1	99	0.947141	1	0.864181	0.742719	0.785008	0.974395	1	0.921685	0.95106	0.894758	1	1	0.909798	1	0.900522	0.963171	1	0.989369	1	0.929838	0.89056	1	0.986604	0.897772	0.742757	
2	100	0.73479	0.710733	0.950539	0.992974	0.858153	0.715777	0.88456	0.871573	0.965001	0.913106	0.729031	0.853718	0.725986	0.992321	1	0.79916	0.821834	0.744133	0.815088	0.990201	0.849723	0.797903	0.787724	0.919794	1	
0	101	0.478035	0.706107	0.603702	0.815557	0.728445	0.413932	0.513393	0.808392	0.47385	0.48109	0.988743	0.896838	0.911469	0.93749	1	0.813263	0.74398	0.765101	0.750391	0.979459	0.342201	0.928224	0.853907	1	0.830793	
0	102	0.490299	0.554591	0.654605	0.62683	0.589672	0.558347	0.549951	0.638396	0.640252	0.573686	0.999287	0.942245	0.999017	0.995576	0.930389	0.702236	0.855549	0.806731	0.747067	0.852973	0.451396	0.960609	0.922186	0.90391	0.964557	
0	103	0.325858	0.572492	0.691373	0.48313	0.289932	0.25594	0.397405	0.304644	0.350685	0.199329	0.4755	0.554521	0.627581	0.546735	0.56825	1	0.724592	0.644645	0.712113	0.996168	0.728077	0.954153	0.949143	0.942054	0.999768	
0	104	0.254496	0.291175	0.618289	0.368733	0.291471	0.168579	0.391577	0.463734	0.527892	0.217494	0.203347	0.33487	0.359042	0.468752	0.394237	0.523049	0.733082	0.708288	0.801716	1	0.213724	0.758364	0.723902	0.835226	0.782919	
0	105	0.35712	0.538844	0.749587	0.717503	0.319385	0.330886	0.624421	0.592952	0.534646	0.395876	0.516415	0.455345	0.564472	0.554209	0.391647	0.723493	0.756959	0.670701	0.956441	0.67512	0.563435	0.870176	0.668348	0.841417	0.495714	
0	106	0.330796	0.626709	0.584413	0.599629	0.477253	0.286607	0.588638	0.515354	0.585775	0.757554	0.608482	0.606266	0.867332	0.882992	0.784	0.70224	0.510015	0.727657	1	0.878967	0.57112	0.812066	0.988755	0.913283	0.633146	
0	107	0.617132	0.561557	0.522103	0.379016	0.201383	0.726251	0.60514	0.480248	0.378807	0.369259	0.999874	1	0.715052	0.652784	0.614169	0.891712	0.978577	0.619578	0.553734	0.703127	0.505453	0.882337	0.877012	0.699948	0.438938	
0	109	0.382947	0.343718	0.307025	0.262795	0.133912	0.367739	0.219326	0.120962	0.189391	0.0830851	0.512808	0.511028	0.267551	0.229425	0.20003	0.686445	0.994863	0.645726	0.602412	0.214265	0.35224	0.801942	0.745743	0.494308	0.260031	
0	110	0.144442	0.266665	0.432049	0.279879	0.169613	0.122811	0.244149	0.216548	0.374561	0.226715	0.267668	0.562999	0.36958	0.504586	0.447229	0.278888	0.458833	0.525433	0.474665	0.577809	0.100696	0.588863	0.789449	0.829817	0.41156	
0	111	0.208843	0.246549	0.295095	0.199042	0.31721	0.192731	0.254441	0.153629	0.368873	0.261253	0.242065	0.326483	0.406393	0.423307	0.625738	0.537914	0.592143	0.352071	0.478243	0.676597	0.301605	0.685432	0.688319	0.583288	0.375247	
0	112	0.214458	0.286454	0.368373	0.443052	0.403809	0.169092	0.263353	0.313596	0.412099	0.43132	0.205113	0.321781	0.1749	0.41523	0.630194	0.412334	0.546952	0.471812	0.546882	0.919565	0.396373	0.674302	0.364866	0.418329	0.811671	
0	113	0.329994	0.297298	0.451062	0.294874	0.248138	0.271385	0.545074	0.24194	0.435744	0.228201	0.439719	0.735209	0.4344	0.490678	0.532713	0.449049	0.770685	0.375459	0.428267	0.74821	0.429077	0.615486	0.61234	0.472195	0.681313	
0	114	0.634882	0.521284	0.490363	0.493692	0.471632	0.345246	0.311613	0.40903	0.346792	0.386818	0.767629	0.542961	0.499712	0.58111	0.623855	0.521437	0.389545	0.264312	0.395618	0.612939	0.539007	0.418111	0.299141	0.362357	0.465334	
0	115	0.664237	0.597746	0.665837	0.63635	0.622376	0.379631	0.596294	0.509059	0.65888	0.631933	0.654776	0.802387	0.572162	0.892655	0.888263	0.710605	0.885078	0.614061	0.900067	1	0.624348	0.887145	0.639282	0.863294	0.956055	
0	116	0.477844	0.48084	0.472137	0.565618	0.546647	0.291579	0.316334	0.41475	0.409192	0.481283	0.496778	0.542377	0.581992	0.738782	0.647937	0.30227	0.234702	0.288161	0.252108	0.361705	0.275433	0.667859	0.38209	0.583821	0.532324	
0	117	0.68794	0.642756	0.554412	0.551518	0.422264	0.577425	0.532226	0.456307	0.576422	0.693571	0.795079	0.683676	0.492585	0.786977	0.665085	0.767027	0.694068	0.326488	0.612156	0.870035	0.631175	0.893472	0.574335	0.864488	0.655196	
0	118	0.652772	0.854783	0.773658	0.765027	0.634377	0.563868	0.714191	0.608229	0.559703	0.489344	0.614948	0.662612	0.671001	0.917353	0.659062	0.737615	0.832089	0.661729	0.995081	0.878168	0.838468	0.827677	0.739358	0.992586	0.75112	
0	119	0.972744	0.799733	0.754434	0.706785	0.631255	0.679855	0.746823	0.584137	0.634622	0.591766	0.881325	0.949871	0.653939	0.707434	0.844415	0.984827	1	0.803102	0.807939	0.976383	0.79182	0.984167	0.763937	0.763152	0.817211	
0	120	0.334061	0.285039	0.501098	0.478155	0.606831	0.351605	0.419856	0.478601	0.589725	0.65966	0.477871	0.370123	0.558009	0.869268	0.932445	0.561376	0.349738	0.580828	0.921224	1	0.492554	0.375374	0.81584	0.932229	0.672436	
0	121	0.497714	0.423863	0.383417	0.46944	0.397478	0.263311	0.360779	0.570476	0.574371	0.366408	0.495839	0.450862	0.808136	0.866275	0.599154	0.714485	0.398822	0.790795	0.911756	0.475569	0.601014	0.463165	0.621235	0.639193	0.53856	
0	122	0.465703	0.577309	0.690577	0.83359	0.481839	0.257382	0.477797	0.538072	0.652905	0.547375	0.444914	0.379627	0.861508	0.90824	0.745028	0.718725	0.4598	0.847551	0.991731	0.696272	0.454757	0.469585	0.929179	0.772279	0.572288	
0	123	0.113458	0.454951	0.68244	0.666557	0.646368	0.170464	0.498928	0.432649	0.673503	0.756627	0.355615	0.500591	0.610088	1	0.978711	0.277853	0.495465	0.620126	0.858279	1	0.32962	0.432351	0.779634	0.938077	0.739564	
0	124	0.163465	0.423208	0.596752	0.637039	0.772207	0.205091	0.437048	0.620139	0.642174	0.834308	0.31777	0.490977	0.740011	0.99834	0.975184	0.371577	0.388788	0.698755	1	0.957587	0.279115	0.418371	0.9456	0.877843	0.781942	
0	125	0.216752	0.484495	0.613859	0.500403	0.537831	0.262235	0.488376	0.466193	0.711259	0.511042	0.569534	0.491153	0.545537	0.92283	0.889664	0.624378	0.53221	0.585131	0.897596	0.902382	0.249255	0.659881	0.7837	0.882269	0.593801	
0	126	0.238581	0.513525	0.567206	0.42794	0.415843	0.267002	0.527166	0.373301	0.669154	0.344112	0.701128	0.525461	0.512509	0.942491	0.639289	0.626094	0.580676	0.489768	0.705088	0.70175	0.296012	0.662414	0.682334	0.63065	0.35395	
0	127	0.657635	0.580208	0.638082	0.411279	0.320512	0.427191	0.719583	0.414756	0.60276	0.321051	0.744952	0.82655	0.369807	0.52006	0.49583	0.853677	0.93762	0.580016	0.681216	0.66685	0.467868	0.918398	0.632267	0.660156	0.506237	
0	128	0.731053	0.509838	0.506754	0.351133	0.156812	0.444565	0.556764	0.383822	0.275358	0.144559	0.685426	0.791435	0.354085	0.374754	0.270701	0.993053	0.962169	0.476245	0.512037	0.390943	0.722917	0.93774	0.456927	0.413996	0.216893	
0	129	0.647416	0.603416	0.535233	0.449422	0.337135	0.584828	0.603063	0.47864	0.457194	0.181701	0.79352	0.824614	0.567763	0.310631	0.437354	0.99396	1	0.715262	0.526669	0.53742	0.704052	1	0.75996	0.422477	0.351969	
0	130	0.615895	0.52448	0.36444	0.331899	0.12542	0.68788	0.594834	0.397896	0.223127	0.259362	0.950029	0.950653	0.542161	0.368081	0.369018	0.740354	1	0.665267	0.299382	0.23042	0.59643	0.688369	0.750378	0.328379	0.178173	
0	131	0.667075	0.66208	0.625531	0.375067	0.186313	0.876505	0.734736	0.773216	0.704338	0.216688	1	0.969359	0.675204	0.52012	0.465859	1	0.898603	0.743843	0.55394	0.354478	0.991293	0.826355	0.615048	0.396987	0.161353	
0	132	0.718473	0.640191	0.676026	0.451404	0.382955	0.766874	0.699329	0.801605	0.67671	0.408452	0.999732	0.997863	0.881569	0.483934	0.714024	1	1	0.791599	0.591388	0.651907	0.839975	0.949002	0.702933	0.440181	0.359933	
0	133	0.576156	0.684589	0.71198	0.362664	0.262521	0.676092	0.785293	0.75822	0.627612	0.320965	0.926147	0.946084	0.538306	0.772343	0.409957	0.836581	0.902885	0.681948	0.468973	0.301778	0.540911	0.846806	0.605704	0.606152	0.111198	
0	134	0.452734	0.599664	0.926497	0.511165	0.435552	0.620859	0.834058	0.753609	0.771433	0.511686	1	0.919226	0.508624	0.863762	0.926752	0.984267	0.905969	0.736289	0.72614	0.931864	0.767895	0.774244	0.572926	0.696174	0.508198	
0	135	0.311188	0.537906	0.933323	0.698252	0.704946	0.333808	0.772312	0.60161	0.811105	0.794199	0.562891	0.814599	0.544302	0.787427	1	0.479441	0.69558	0.621179	0.713386	0.989157	0.20253	0.662852	0.552557	0.856666	0.778023	
0	136	0.34296	0.562213	0.927761	0.661468	0.42679	0.306004	0.576893	0.857644	0.788642	0.639354	0.358119	0.905106	0.576727	0.933234	0.907818	0.318169	0.884947	0.626329	0.708575	1	0.233888	0.601009	0.536716	0.619	0.988281	
0	137	0.458758	0.540479	0.667945	0.450131	0.384126	0.54827	0.760759	0.66208	0.751281	0.468382	0.993626	0.628327	0.248683	0.740559	0.62406	0.737736	0.532244	0.739692	0.596816	0.590139	0.672173	0.535747	0.520186	0.60852	0.288063	
0	138	0.430133	0.426732	0.512241	0.375934	0.410875	0.416797	0.617984	0.665698	0.644642	0.660783	0.974771	0.767376	0.252775	0.522539	0.714942	0.690675	0.420476	0.498094	0.37174	0.671213	0.602643	0.415562	0.574832	0.355392	0.549615	
0	139	0.289686	0.467956	0.525431	0.335434	0.340391	0.49852	0.784363	0.652719	0.802565	0.649298	0.828909	0.824906	0.233903	0.662523	0.7067	0.672433	0.494046	0.717592	0.448594	0.659735	0.388119	0.474277	0.571129	0.48916	0.557844	
0	140	0.34723	0.462765	0.537012	0.424572	0.422693	0.587678	0.750173	0.638016	0.627462	0.653037	0.69461	0.874054	0.328522	0.500986	0.702771	0.784516	0.655798	0.699137	0.534218	0.623224	0.420931	0.639893	0.548351	0.46551	0.530168	
0	141	0.36285	0.458497	0.54051	0.411903	0.387663	0.661112	0.711426	0.572453	0.54083	0.553464	0.591071	0.807161	0.299291	0.427603	0.648626	0.577845	0.487901	0.645912	0.538413	0.557894	0.29426	0.77517	0.512194	0.503929	0.407878	
0	142	0.568844	0.747533	0.916628	0.785047	0.714982	0.7559	0.868405	0.821367	0.830691	0.637323	0.780877	1	0.736019	0.928346	0.995854	0.601392	0.822766	0.783075	0.81755	0.751365	0.354229	0.9568	0.857688	0.955246	0.357537	
0	143	0.367791	0.463684	0.460947	0.609231	0.714664	0.439549	0.291717	0.438655	0.400437	0.534798	0.507819	0.67898	0.76003	0.769073	0.849941	0.339322	0.675531	0.382828	0.632885	0.680878	0.245016	0.394366	0.452144	0.55753	0.517466	
0	144	0.63203	0.498738	0.561277	0.534347	0.525051	0.6314	0.459776	0.515593	0.533447	0.431822	0.635186	0.963375	0.636596	0.941533	0.734722	0.492269	0.759867	0.363786	0.721731	0.579197	0.375606	0.59179	0.527884	0.617367	0.307163	
0	145	0.374955	0.441971	0.58033	0.575195	0.667757	0.323051	0.397194	0.492853	0.438521	0.455441	0.747255	0.841342	0.963482	0.958121	1	0.595143	0.568617	0.460299	0.743059	0.798945	0.413363	0.409244	0.474526	0.573647	0.61775	
0	146	0.576373	0.685534	0.961107	0.797463	0.769516	0.648096	0.780865	0.823846	0.876646	0.714665	0.468519	0.999911	0.725527	0.935128	1	0.323348	0.857497	0.787828	0.892255	1	0.362022	0.669778	0.853487	0.929518	0.983223	
0	148	0.381515	0.487383	0.545157	0.39501	0.300256	0.439181	0.526809	0.519548	0.414855	0.306447	0.724198	0.388825	0.369164	0.744796	0.422764	0.713499	0.538622	0.570695	0.749898	0.566244	0.406262	0.476812	0.518063	0.636582	0.335633	
0	149	0.633301	0.53103	0.551071	0.449207	0.244577	0.65509	0.669333	0.673549	0.549888	0.238088	0.784503	0.785267	0.567525	0.346997	0.481708	0.907419	0.997587	0.627808	0.578262	0.433213	0.658675	0.883795	0.64381	0.510708	0.27118	
0	150	0.161065	0.409154	0.519196	0.515987	0.431761	0.267799	0.296695	0.416149	0.450251	0.442307	0.48156	0.396683	0.536726	0.864858	0.668859	0.21502	0.512305	0.714723	0.984632	0.758426	0.156547	0.489915	0.864124	0.96699	0.434961	
0	151	0.259526	0.401714	0.536706	0.651716	0.538104	0.290259	0.426218	0.51422	0.48537	0.473206	0.48428	0.378099	0.420665	0.73996	0.882388	0.675421	0.553742	0.59967	1	0.921028	0.333167	0.643662	0.706094	0.842919	1	
0	152	0.139499	0.394895	0.613034	0.581766	0.387156	0.159832	0.314367	0.442779	0.481319	0.436266	0.506982	0.346967	0.453365	0.794585	0.589216	0.274325	0.603812	0.694785	0.958539	0.763297	0.368141	0.569988	0.797233	0.999177	0.515878	
0	153	0.221263	0.415694	0.565758	0.477257	0.287958	0.214344	0.261722	0.249165	0.317963	0.329713	0.492753	0.389894	0.282548	0.453459	0.361922	0.378037	0.495046	0.511084	0.605296	0.67199	0.559971	0.5133	0.500054	0.798081	0.7795	
0	154	0.287133	0.441036	0.391991	0.283113	0.208408	0.377697	0.384133	0.479737	0.344358	0.182232	0.569579	0.736777	0.358384	0.29531	0.18915	0.960466	0.755789	0.475643	0.419395	0.288622	0.993137	0.792979	0.504749	0.418627	0.356778	
0	155	0.435567	0.832906	1	0.872999	0.737643	0.674723	0.595014	0.520176	0.861619	0.596946	0.893327	0.56455	0.57635	0.993144	0.895947	0.593933	0.752918	0.849032	0.983175	1	0.165692	0.630712	0.710051	0.785496	0.957687	
0	156	0.717056	0.653004	0.63806	0.627166	0.308813	0.726476	0.846812	0.537364	0.267156	0.205902	0.959103	1	0.935036	0.440843	0.29991	0.82136	1	0.704416	0.668202	0.229083	0.753513	0.940029	0.999884	0.709605	0.166381	
0	157	0.611649	0.535556	0.506021	0.283932	0.218792	0.596979	0.518177	0.547505	0.510649	0.144745	0.947108	0.857872	0.484789	0.380346	0.128678	1	1	0.739738	0.485667	0.143287	0.944419	0.945996	0.667773	0.378055	0.140668	
0	158	0.266072	0.483357	0.532323	0.407815	0.205634	0.2875	0.275666	0.273309	0.324195	0.249152	0.453907	0.272363	0.388642	0.188144	0.298652	0.599852	0.339896	0.528595	0.331335	0.569094	0.385858	0.741213	0.506	0.630364	0.712365	
0	159	0.17706	0.254359	0.448487	0.347022	0.209999	0.186968	0.305395	0.280167	0.270014	0.301288	0.257159	0.322618	0.271296	0.289209	0.435107	0.209352	0.334456	0.371092	0.544904	0.869878	0.131316	0.32729	0.606218	1	0.66118	
0	160	0.218786	0.316497	0.336619	0.321505	0.213417	0.152234	0.301541	0.356145	0.432954	0.304591	0.278859	0.537195	0.302404	0.232135	0.310886	0.317722	0.599385	0.472073	0.317667	0.599985	0.133608	0.526279	0.507318	0.478491	0.697999	
0	161	0.450389	0.650981	0.61135	0.489627	0.315089	0.373916	0.29347	0.255403	0.461411	0.318649	0.706866	0.412602	0.319473	0.228775	0.37391	0.913126	0.52127	0.577944	0.305428	0.469103	0.694818	0.423208	0.601051	0.336089	0.555493	
0	162	0.389249	0.451949	0.499422	0.246763	0.157543	0.427841	0.432729	0.364064	0.394118	0.230194	0.540172	0.789213	0.347649	0.287344	0.476419	0.668979	0.847245	0.473654	0.387149	0.370448	0.383848	0.84544	0.89177	0.42951	0.574491	
0	163	0.640209	0.673283	0.885824	0.675267	0.928722	0.457617	0.66857	0.7654	0.811892	0.844289	0.872564	0.85341	0.770341	0.887656	0.925046	0.93578	0.674689	0.797857	0.878009	0.995224	0.852075	0.582648	0.81264	0.700472	0.922374	
0	164	0.373477	0.514328	0.58963	0.531903	0.750902	0.324809	0.561875	0.451457	0.566526	0.52722	0.278278	0.642975	0.376065	0.673288	0.745103	0.325616	0.533967	0.482468	0.732122	0.859335	0.286936	0.505209	0.433739	0.565167	0.74515	
0	165	0.49879	0.716999	0.78777	1	0.954379	0.56317	0.823113	0.780642	0.778927	0.865143	0.648301	0.839138	0.676884	0.663673	0.708491	0.679699	0.964478	0.58504	0.671009	0.949087	0.566187	0.791599	0.667294	0.671986	0.876475	
0	166	0.578302	0.637306	0.697474	0.659348	0.609526	0.713442	0.683145	0.68338	0.778288	0.611963	0.827869	0.995547	0.547817	0.860527	0.825975	0.7915	0.765433	0.695775	0.786186	0.973705	0.587387	0.982645	0.979362	0.916476	1	
0	167	0.636527	0.680911	0.810417	0.509029	0.22801	0.468359	0.555515	0.476582	0.484957	0.395669	0.868461	0.774387	0.574829	0.704076	0.605257	0.709205	0.747862	0.603853	0.664302	0.4745	0.770089	0.551623	0.597216	0.29835	0.333903	
0	168	0.685684	0.722734	0.691863	0.556258	0.231958	0.666264	0.478292	0.596001	0.415991	0.495412	0.874579	0.753998	0.879435	0.63084	0.84923	0.870129	0.918128	0.592731	0.607642	0.768493	0.992737	0.802934	0.611567	0.471327	0.459338	
0	169	0.828961	0.414309	0.607473	0.366057	0.130788	0.43628	0.395783	0.525559	0.481923	0.387379	0.460303	0.717154	0.595986	0.502603	0.413868	0.835071	0.694677	0.497779	0.385235	0.385762	0.536251	0.63583	0.730894	0.313095	0.149456	
0	170	0.506466	0.733841	0.764425	0.571911	0.384574	0.520011	0.620575	0.54681	0.702866	0.711473	0.92594	0.768447	0.727502	0.650961	0.784302	0.732154	0.717418	0.631067	0.724543	0.773505	0.450443	0.644586	0.537578	0.523308	0.374811	
0	171	0.376274	0.573953	0.56485	0.391266	0.288396	0.318678	0.368281	0.304283	0.530984	0.371348	0.567093	0.539411	0.374373	0.530633	0.825787	0.415199	0.50679	0.50305	0.565093	0.796716	0.229626	0.473743	0.339157	0.444054	0.534336	
0	172	0.446235	0.675886	0.899268	0.598436	0.468498	0.449419	0.683254	0.58954	0.472367	0.506931	0.75642	0.899356	0.811408	0.811322	0.891144	0.754312	0.729921	0.627926	0.726228	0.77072	0.634302	0.604416	0.526411	0.583919	0.314655	
0	173	0.514088	0.695542	0.87183	0.532295	0.383208	0.494787	0.663564	0.60035	0.537112	0.621501	0.882071	0.849974	0.924144	0.930398	0.771151	0.772078	0.619389	0.6691	0.807433	0.553702	0.660766	0.72685	0.55381	0.542841	0.316043	
0	174	0.697494	0.64013	0.784055	0.627471	0.355719	0.560987	0.584049	0.615967	0.549638	0.566944	0.679817	0.970839	0.717865	0.744489	0.78823	0.719817	0.778795	0.638678	0.637301	0.42537	0.500756	0.803187	0.853905	0.660505	0.350128	
0	175	0.813664	0.75656	0.94346	0.781619	0.314805	0.59897	0.569717	0.66303	0.556439	0.351692	0.84542	0.813881	0.851778	0.762	0.688305	0.848406	0.923915	0.576669	0.661581	0.402785	0.737456	0.604406	0.618511	0.437709	0.404026	
0	176	0.379025	0.663492	0.904572	0.623618	0.54583	0.3408	0.670512	0.529601	0.551167	0.477232	0.489831	0.928122	0.559188	0.912459	0.998322	0.589416	0.740868	0.618895	0.725709	1	0.325125	0.493226	0.705045	0.64214	0.636547	
0	177	0.482687	0.606637	0.804677	0.611625	0.592789	0.461764	0.57799	0.627231	0.557554	0.705524	0.808691	0.590657	0.541272	0.567959	0.932631	0.608664	0.750453	0.598354	0.694584	0.815831	0.505956	0.549664	0.508215	0.534925	0.528385	
0	178	0.6565	0.642151	0.992984	0.80232	0.631154	0.483366	0.666751	0.710736	0.638835	0.668916	0.853976	0.898475	0.781606	0.684709	1	0.766193	0.916674	0.616684	0.738779	1	0.827076	0.787253	0.676783	0.609238	0.678267	
0	179	0.718769	0.896281	0.943029	0.659183	0.292	0.721389	0.892416	0.946059	0.903871	0.756651	1	0.950596	0.76944	0.863086	0.770936	0.982983	0.920149	0.833695	0.744317	0.699973	0.935588	0.78227	0.632189	0.5692	0.823435	
0	180	0.480201	0.626471	0.933548	0.806091	0.657499	0.507036	0.669898	0.603873	0.707954	0.596528	0.80164	0.851014	0.56912	0.783889	1	0.586424	0.949852	0.616634	0.699027	1	0.610499	0.667992	0.609997	0.598713	0.77749	
0	181	0.373402	0.56376	0.898613	0.634689	0.835523	0.359079	0.417391	0.455714	0.66759	0.556458	0.332523	0.337377	0.874766	0.787234	0.903253	0.698154	0.497855	0.614032	0.8177	0.870591	0.924033	0.404157	0.562115	0.802983	0.56575	
0	182	0.21612	0.382774	0.805113	0.886147	0.296796	0.234864	0.330156	0.392333	0.500785	0.287705	0.311095	0.405753	0.486204	0.72697	0.578532	0.400828	0.690114	0.423232	0.609173	0.6886	0.253045	0.771017	0.818176	0.542056	0.788755	
1	184	1	1	1	1	0.978422	1	1	1	1	1	1	1	1	1	1	1	1	0.995245	1	1	0.910216	1	1	1	0.950268	
1	185	1	1	1	0.998648	0.774962	1	1	0.988643	0.914264	0.787123	1	1	0.932826	1	0.903212	1	1	0.996869	0.9338	0.963244	0.831451	1	1	1	0.874245	
1	186	0.999675	1	1	1	1	0.972334	0.971774	0.977434	0.997955	1	0.828123	1	0.986293	1	1	0.790037	0.974937	0.988296	0.941296	1	0.867207	0.905905	1	1	0.866106	
1	187	1	1	1	1	0.939518	1	1	1	1	0.923055	1	0.978062	0.893531	1	1	0.930357	1	0.98699	0.981327	1	0.86571	1	1	1	0.85001	
1	188	1	1	1	0.988151	0.826002	1	1	0.993005	0.867697	0.810255	1	0.980908	0.899122	0.980757	0.91344	0.961811	0.987501	0.992715	0.901783	0.886638	0.824228	1	1	1	0.901312	
1	189	1	1	1	1	0.985715	1	1	1	1	1	0.984294	1	1	1	1	0.990057	1	1	1	1	0.850859	1	1	1	0.944238	
1	190	1	1	1	1	1	1	1	1	1	1	1	1	1	1	1	1	1	1	1	1	0.873173	1	1	1	1	
1	191	0.676126	0.977607	1	1	1	0.775977	0.982274	0.982642	1	1	0.792347	0.993406	0.962164	1	1	0.792316	0.932223	0.92601	0.978619	1	0.862581	0.788289	0.99669	1	1	
1	192	1	1	1	1	0.914576	1	1	1	1	0.990908	1	1	1	1	1	1	1	0.959084	0.99987	0.998493	1	1	1	0.998434	0.851785	
1	193	1	1	1	1	1	1	1	1	1	1	1	1	1	1	1	0.995781	1	1	1	1	0.991931	1	1	1	1	
1	194	0.798874	1	1	1	1	0.843262	1	0.999254	1	1	0.870614	1	0.993055	1	1	0.80103	1	0.955666	1	1	0.828704	0.850698	1	1	1	
1	195	1	1	1	1	1	1	1	1	1	1	1	1	1	1	1	0.993052	1	0.945393	1	1	0.811998	1	1	1	0.881203	
1	196	1	1	1	1	1	0.98739	0.995646	0.972416	1	1	1	1	0.999902	1	1	0.897384	0.986325	0.895999	0.994855	1	0.882003	0.995814	0.999436	0.995827	1	
1	197	1	1	1	1	0.954852	1	1	1	1	0.932654	1	1	1	1	0.938326	1	1	0.965144	0.998485	1	0.925294	1	0.997619	0.838634	0.999192	
1	198	0.891002	1	1	1	1	0.923169	1	1	0.991268	0.787757	0.934122	1	1	0.999186	0.761527	1	0.996213	0.999227	0.932583	0.773148	1	1	0.979332	0.744369	1	
1	199	0.903935	0.906297	1	1	1	0.954861	0.876265	0.999389	0.942433	0.776562	0.998509	1	0.989962	0.945992	0.689574	0.923654	0.994957	0.996597	0.915216	0.675898	1	1	1	0.773446	0.824677	
1	200	1	1	0.98736	0.976138	0.694761	1	0.995196	0.731973	0.711171	0.832665	0.999426	0.957899	0.887076	0.984913	1	1	1	1	0.995187	1	1	1	1	0.998042	1	
1	201	1	1	0.810971	0.978419	0.971964	0.99847	0.955725	0.859539	0.920974	0.914032	0.795716	0.860935	0.696295	0.94053	0.99543	0.918943	1	0.943639	0.981632	0.99267	0.992417	1	1	1	1	
1	202	0.995189	0.990664	0.975493	0.875618	0.731038	1	0.941777	0.697146	0.845691	0.930484	0.985029	0.987897	0.89523	0.999541	1	1	1	1	0.934042	1	1	1	1	0.963218	0.858509	
1	203	1	1	0.99795	0.994216	0.766556	0.987911	0.914391	0.955114	0.967442	0.761758	0.904285	0.96522	0.736518	0.920878	0.958032	0.908299	0.998928	0.859564	0.949116	1	1	1	1	1	0.960516	
1	204	0.982688	0.714219	1	1	0.918193	0.987528	0.960779	0.896582	1	0.786893	0.831826	0.997655	0.824598	1	1	0.950736	1	1	0.993433	1	1	1	1	1	1	
1	205	1	0.995776	0.994045	0.961283	0.664211	1	0.96271	0.847095	0.865066	0.795888	1	0.999719	0.930972	0.912405	0.958895	1	1	0.998899	0.880166	0.900234	1	1	1	1	0.822956	
1	206	0.95489	0.93735	1	0.980912	0.646673	1	0.906127	0.738525	0.751137	0.775309	0.921772	0.93906	0.916197	0.999112	1	1	1	0.995837	0.950693	0.925826	1	1	1	0.988332	0.911754	
1	207	0.811296	0.951229	0.907899	0.966872	0.709901	0.949806	0.799158	0.905203	0.869204	0.692097	0.724094	0.813972	0.808535	0.99052	1	0.922796	0.988597	0.878183	0.989795	1	0.944626	1	0.990804	0.994205	0.937859	
1	208	0.740037	0.880527	0.994241	0.961099	0.773567	0.95428	0.815531	0.810974	0.905599	0.629022	0.712044	0.846775	0.766353	0.947164	0.997669	0.892896	1	0.763167	0.975425	1	0.91782	0.991723	0.967714	0.948004	0.992937	
1	209	0.753373	0.917321	0.852862	0.970349	0.99475	0.845884	0.950639	0.857368	0.922994	0.989434	0.777862	0.93501	0.757894	0.991598	1	0.959596	1	1	0.998069	1	1	1	1	1	0.955138	
1	210	0.717985	0.757328	0.858122	0.982732	0.780468	1	0.987101	0.974626	0.989269	0.760377	1	0.999264	0.804633	0.914255	0.97906	0.966323	1	0.820314	0.924263	0.952242	1	1	0.997486	0.98276	0.876608	
1	211	0.854838	0.785859	0.949781	0.674279	0.916176	0.980132	1	0.920929	0.89763	0.907378	0.906991	1	0.88829	0.762134	0.980242	0.963511	0.996039	0.921733	0.782936	0.987883	1	1	0.984472	0.961844	0.953443	
1	212	0.715702	0.748676	0.930224	0.978604	0.825883	1	0.965321	0.974206	1	0.806998	0.975472	1	0.860933	0.976058	1	1	1	0.986466	0.964155	1	1	1	1	1	0.967757	
1	213	0.761956	0.751162	0.925285	0.981989	0.965833	0.994133	0.915904	0.786639	0.998477	0.973096	0.928927	1	0.998386	0.972395	1	1	1	1	0.994517	0.98427	1	1	1	1	0.993572	
1	214	0.715304	0.6992	0.855215	0.952678	0.939226	0.957003	0.896884	0.804551	0.997683	0.964005	0.850344	0.896073	0.819982	0.897526	0.967671	0.982633	1	0.828602	0.892274	0.953562	1	1	0.965851	0.929038	0.933196	
1	215	0.737701	0.856328	0.675484	0.796293	0.791694	0.87162	0.796474	0.72071	0.871806	0.789093	0.865742	0.770764	0.790165	0.861263	0.896541	0.786802	0.969556	0.715021	0.83206	1	1	0.943075	0.941362	0.880639	0.925428	
1	216	0.938633	0.815969	0.724715	0.847885	0.702295	0.998439	0.921649	0.762502	0.772082	0.752935	0.895725	0.876172	0.787651	0.888318	0.995401	1	0.999931	0.919408	0.918012	1	1	1	1	0.95082	0.89262	
1	217	0.732752	0.817375	0.918185	0.957752	0.891867	0.943086	0.86478	0.809134	0.916984	0.871838	0.815909	0.849232	0.902643	0.909298	1	0.991884	0.977175	0.887981	0.886746	0.979792	0.999257	1	0.998598	0.957537	0.915388	
1	218	0.929328	0.952643	0.976982	0.900582	0.59075	0.998279	0.879574	0.701046	0.744424	0.695781	0.725399	0.679513	0.721587	0.654687	0.843248	0.803487	0.957675	0.660432	0.743395	0.906401	1	0.967335	0.777926	0.861865	0.896309	
1	219	0.690326	0.644832	0.769697	0.758674	0.502101	0.803873	0.613145	0.58604	0.560365	0.698582	0.742875	0.653482	0.754326	0.737367	0.899817	0.889914	0.938982	0.727766	0.733391	0.81678	1	0.981671	0.82162	0.832369	0.8744	
1	220	0.741646	0.710152	0.91883	0.900818	0.748489	0.846198	0.778253	0.648561	0.678428	0.725171	0.712285	0.823645	0.670111	0.757178	0.940736	0.81969	0.996172	0.751818	0.695394	0.837877	1	0.995668	0.815669	0.768649	0.791809	
